,YYYYMM,DATE,34042.0,34050.0,34056.0,34059.0,34099.0,34103.0,33990.0,33999.0,34004.0,34007.0,34098.0,34102.0,50324.0,50333.0,50335.0,50151.0,50157.0,50160.0,50232.0,50239.0,50241.0
1,200202,24026,1.0756803154508918,-1.3810396384391408,2.853310951704825,1.6245313066973044,-0.09364163299575134,0.6953814556638781,-0.7664744927007697,-1.1880893007769098,0.8221421229045787,0.9699821848924018,-1.1033844289524688,-0.9742151498961327,-0.6999836148209072,-0.11630596390810756,-0.35903383534075145,0.3137728424297269,0.18893794831504399,-0.41637931664224703,-0.1077965837402109,-0.05553444815479477,-0.3811677729980728
2,200203,24027,-0.8355530378938979,-1.6226811671713266,-2.8558899724065117,-1.5202477590807086,-0.5507669772913639,-3.4017729206399,-1.1933135814502955,-0.9707986321982274,-0.825685838951578,-0.9889394914375297,-0.41321257064886285,-1.3742997212955472,-0.3725388406969364,-0.23954726607345395,-0.24796296013404406,-0.15416933758889753,-0.22278397533744407,-0.3302127023837532,-0.28963325394807254,-0.27921983672194184,-0.33161022348011254
3,200204,24028,2.4577420877073073,0.49223971815354595,-0.0012895103508490586,0.47846389747253243,0.32412333963505574,2.22332381931787,0.37176307729798214,2.179916062192428,-0.0017718580235032806,0.4802517658099213,0.553028030976177,2.1693064825279733,-0.04809553272017187,-0.24429442847844776,-0.3524094487281116,-0.09177704691978923,-0.2227839753374992,-0.4451015213950375,-0.0990103977366722,-0.27310501688401956,-0.007539835561509849
4,200205,24029,0.7807027617385325,1.4697214008258346,0.08307288087235257,2.6142062111879905,-0.12589971918099963,0.7780828595448928,-0.624194796450923,0.6588813821417626,0.5475041292618837,1.1332256579198992,0.2769592876547343,0.5689681969302478,0.8079310211802115,-0.20053168876221542,0.08875559030030578,0.5945381504409413,-0.24934668008928346,0.014453754649732196,0.6633722814260661,-0.29504701570804537,-0.046649083383804475
5,200206,24030,-1.0390345397574818,-1.7244651320011013,-0.08565190157404881,-2.576397435514055,-0.01771910024272891,-2.750904805969743,-1.1933135814503013,-1.514025303644909,-0.5510478453088902,-0.6624525453825493,-0.5512469423095907,-1.602919476380956,-0.6050092843074667,-0.13918108427191267,0.11273902347034583,-0.7156999536115461,-0.10325180395455194,0.1293425736609185,-0.5777668910521642,-0.1176392973879423,0.028425408569926005
6,200207,24031,-1.031885853827727,0.3261032953464982,0.10401835988591179,0.949255104590852,0.8214968412804318,0.7137587641382571,-1.193313581450296,1.093462719299096,0.2728661356191917,1.1332256579199023,0.9671311459583366,1.4262922785004664,0.6072074470513352,-0.22492860418072572,-0.21534543240511092,0.6881265864447988,-0.16965856583391709,-0.1866016786197765,1.0421023819185262,-0.2146233197520462,-0.2754142392923939
7,200208,24032,-0.5541337895870158,1.457417926052523,-0.10659738058760058,0.45263000629404365,-0.6186320121190045,0.8919448256660351,-0.4819151002010838,0.11565471069509436,-0.2764098516661926,0.31700829278242126,-0.41321257064886824,0.22603856430216177,0.4547539887256407,-0.3242874152800618,0.0841728582821381,0.6881265864447315,-0.24934668008928948,0.18678698316657777,0.7525022287138506,-0.34184752015922076,0.19650254246689758
8,200209,24033,0.7365275967829409,-2.3335044203780537,1.4681776889560145,-0.7703937765664344,0.9941430625185498,0.13165262128028077,-0.6241947964509279,-1.839961306512896,0.2728661356191921,-1.3154264374925129,0.5530280309761817,-1.202834904981505,0.29790414162053847,-0.3102483975276893,-0.38814133501578185,0.15779211575696322,-0.16965856583385142,-0.272768292878125,0.41758812692914077,-0.27291978285711077,-0.38449849565920585
9,200210,24034,1.007215375080873,1.1989906249328997,-1.470756709657706,0.1977800268994779,-0.1861904812029014,0.16793211022091198,-0.055076011451548036,0.8761720507204359,-0.27640985166619214,0.6434952388374195,-0.13714382732742256,0.797587952015647,0.5140638940989695,-0.07061360901651904,-0.24124947461293172,0.22018440642608927,-0.0501263944508815,-0.24404608812535086,0.10606437546667277,-0.0942871065911244,-0.3563834980593703
10,200211,24035,-0.907793970070961,0.2039254937688377,0.2539972089344913,-1.0094942117974828,-1.1169270128297726,-1.4562653617822485,-1.3355932777001462,-0.21028129217291677,1.371418110189959,-0.6624525453825547,-1.103384428952472,-1.0313700886674912,0.23214096724245284,-0.12912780754347714,0.19612974006908204,0.31377284242963116,-0.12981450870634526,0.30167580217770856,0.2264713644099355,-0.15505073864877603,0.24356605011936336
11,200212,24036,-0.8284118551768747,-0.7912754645956156,-0.25657622963618126,1.0651449041009937,0.1638611668122564,0.10026504227518145,-1.0510338852004537,0.22430004498444142,-1.3749618262369603,-0.17272212630005518,0.9671311459583425,0.28319350307352936,-0.45172102131170233,-0.04682593547359918,-0.2932254987476449,-0.7156999536113724,0.04284307218035851,-0.07171285960852325,-0.5687732590058528,-0.035100233900945764,-0.23545237946063372
12,200301,24037,-1.139468793772435,1.2372988346244913,-0.001289510350851305,0.28449011322176126,1.4575053821957404,0.7198811852998379,-1.4778729739499867,0.22430004498442213,-0.0017718580235061773,0.8067387118649115,0.13892491599401283,0.28319350307351066,0.2919782897799916,-0.3277519218531562,0.670323803101435,0.7193227317793068,-0.26262803246520916,0.6463422592113964,0.30191437305628666,-0.36396815322290593,0.5911854449032219
13,200302,24038,-0.8206253961649567,-0.9753805912265546,-0.0012895103508382567,-1.0915754175227326,-1.4796773674776786,-0.9280957905848768,-1.0510338852004582,-0.3189266264622307,-0.0017718580234925782,-1.152182964465027,-0.9653500572917468,-0.8027503335820816,1.6360553851931177,-0.1435023536029206,0.15391854598366125,1.2808533478018207,0.5740971672158452,0.07189816415539474,1.43861718828554,0.010728444867121668,0.13368643113795128
14,200303,24039,-0.8244914265247623,-0.4668312048971022,0.6809224683771274,-0.3338824405219313,0.35107156840085635,-0.017477303328707807,-1.0510338852004573,-0.7535079636195707,0.547504129261879,0.3170082927824226,0.0008905443332924265,-0.17404600709727042,0.1843660349590965,-0.11183513434016955,1.0366343285260609,0.06420367975303475,-0.05012639445098493,1.192064149514606,0.4242593004119613,-0.1131749579442659,1.1863319649014088
15,200304,24040,-1.0689273392790213,1.0927614062709474,-0.6580089545750218,1.0398217689372034,-0.44686795766908727,0.43198475185285984,-1.1933135814502978,1.4193987221671007,-0.0017718580234962677,-0.009478653272562297,0.13892491599401982,0.7404330132442998,0.36458060258463176,-0.101769023195527,0.5343676613646361,0.3761651330989523,-0.03684504207501994,0.5314534402002575,0.16631673133562272,-0.1075193522341832,0.3814784659959306
16,200305,24041,1.7513239880703695,-0.6840485334069,0.2811714141483869,5.9569464125199865,1.7111929511171717,4.069553732455573,0.5140427735478268,-0.10163595788357742,0.5475041292618781,1.4597126039748867,1.3812342609404933,1.8263768498998847,0.5804521208820876,-0.15254144953070542,0.02913640387537847,0.8753034584522479,-0.2095026229616286,0.41656462118899773,0.7930066921506033,-0.14136079542455038,0.36110513712350256
17,200306,24042,-0.14679562522328304,-0.3619503798975815,-0.2996139106686642,-4.136870561770166,-1.3419582083763855,-3.1862235157936007,-0.7664744927007701,-0.9707986321982345,-0.82568583895158,-1.4786699105200183,-1.2414188006131848,-2.2316238028657667,1.104747293131134,0.20494628178853955,0.44012827338875,0.2201844064260538,0.0694057769321156,0.7325088734698773,0.6711399963526398,0.13708378563265908,0.7507788264262278
18,200307,24043,0.14972008709900025,1.0841055092254968,0.08882641416476592,0.7615386983752902,0.6646060065017156,1.0672007637273209,-0.6241947964509231,1.4193987221670965,0.8221421229045806,2.602416915167354,-0.13714382732742478,1.826376849899895,1.1526843279442318,0.014163471877185377,0.7601903104358527,1.0312841851252066,-0.036845042075036555,0.5888978497058743,0.9157109589302227,-0.00927900187191923,0.4357773882151364
19,200308,24044,-1.1394687937724413,2.4892946981180013,1.4783445408124796,-3.0203776529909705,0.5135644432295082,-0.28650623280881254,-1.4778729739499896,-0.2102812921729056,-0.8256858389515818,-3.1111046407949687,0.27695928765473127,-1.6029194763809498,1.5236085508927983,0.25946007138731975,0.950876629081388,1.3744417838055079,0.21550065306681015,1.3069529685258332,1.9270848969475811,0.24240995771265444,1.3975024866657018
20,200309,24045,0.101847714070061,-3.7455442393430576,-1.455032661698342,0.014534586377837817,-1.5449464720113628,-1.635428800798164,-0.7664744927007706,-1.622670637934237,0.2728661356191889,1.1332256579198965,-0.13714382732742783,-0.17404600709727042,-0.13364128872086461,-0.08947391447511335,0.06285711677424526,0.03300753441849123,0.05612442455613174,0.15806477841377425,0.31736301873037154,-0.07275687831870681,0.14280937270822514
21,200310,24046,-0.5121251773075906,0.30018993509031566,-0.07410215299150866,1.363456025732224,0.8450681131054008,0.4805633260605006,-0.4819151002010853,0.4415907135631013,0.2728661356191939,0.1537648197549342,0.5530280309761809,0.6832780744729509,0.11625167317012658,-0.1279101095726763,0.27362205030668535,0.12659597042237714,-0.06340774682676872,0.7037866687171178,-0.06145371424954494,-0.1899417071440512,0.7105807014510829
22,200311,24047,-1.099799308061999,-0.7636827862250577,0.09358403417708025,-1.2916239907020024,-0.7450965210497604,-1.2440579249760448,-1.3355932777001447,-1.1880893007769016,-0.001771858023498585,-0.33596559932754966,-0.9653500572917455,-1.4886095988382488,1.5866033691015,0.23890798034217767,0.406824918535045,1.5304225104785127,0.26862606257043303,0.6750644639642669,1.6626733080959322,0.25451470694792705,0.8474687472322103
23,200312,24048,-1.0773421923571862,0.8317435100013375,0.456198904924504,1.021587532470246,0.4528466450553539,1.015493175259075,-1.1933135814503029,0.7675267164310956,-0.0017718580235034636,1.1332256579198958,0.5530280309761723,1.083362645872371,0.11712571879804527,0.1434327587912915,0.5371956724442614,0.22018440642588002,0.06940577693195102,0.6176200544585031,0.23642756092566408,0.1428747291059304,0.8091116427908499
24,200401,24049,-0.8820091795198097,-0.723786633081183,-0.6064747105301164,-1.2184674444220656,0.42020085499503557,-0.817555702524659,-1.0510338852004522,-0.6448626293302308,-0.8256858389515801,-1.3154264374925195,0.41499365931545973,-0.7455953948107266,2.3939473099834907,0.11008056404032353,0.41583035624235604,1.8111878184899082,0.1756565959392904,0.7612310782228064,2.0159493342007,0.166974212400821,0.5759603535079882
25,200402,24050,-0.6512610025906395,-0.1596345300674556,0.12622438056541319,0.5540730595911911,-1.2128977691516794,0.11919080718172693,-0.9087541889506126,-0.21028129217290442,0.8221421229045799,-0.00947865327256302,-1.1033844289524657,-0.3455108234113078,0.07345380241649122,0.2019448619033287,0.496140419461399,0.37616513309888844,1.517073185903912,1.0197309209978045,0.18424665618196234,0.7149838429789185,0.9078616011862294
26,200403,24051,1.084050149252669,0.18997727507763099,-0.08371982981066967,-0.8145457965041553,-0.0407228634969343,0.6453594164506299,0.22948338104813826,0.11565471069509495,-0.5510478453088875,-0.17272212630005881,0.0008905443332940203,0.34034844184486157,0.5424309024792294,-0.18905667303942228,0.4655680633890092,0.0642036797530312,-0.08997045157863377,0.5027312354473642,0.1323977358954726,-0.1571819269460341,0.6253298770816498
27,200404,24052,0.7395776527582215,0.13686390053939232,-0.030324650665252223,-0.5320335674436704,0.2990068712065498,-0.295379976622009,0.9408818622973587,0.7675267164310976,-0.0017718580235010243,-0.8256960184100378,0.8290967742976195,0.7404330132442961,1.0888771284703402,0.11445395681639617,0.2096053638049157,0.5633420051064865,-0.07668909920269973,0.7037866687170884,0.7461524044548946,-0.07451126089439125,0.8443634675787068
28,200405,24053,0.3733477151461524,-0.054077038651265,0.0329841338168361,-0.19646933320377458,0.13891326528593873,-0.25435724359197787,-0.19735570770139546,-0.10163595788357163,-0.001771858023502305,-0.49920907235505396,-0.2751781989881493,-0.8027503335820905,1.384804873010714,0.39661859531529225,0.29457963764939177,0.7817150224484861,0.33503282444986765,0.33039800693063126,1.2842430335421153,0.517057863753583,0.4665469378739049
29,200406,24054,0.2352717186614024,-0.18581460555357274,-0.0516115856605558,0.11598010709534812,-0.44940208009890487,-0.19360213299043746,-0.05507601145155309,-0.753507963619572,-0.2764098516661942,0.48025176580992046,-0.6892813139703057,-0.5169756397253504,-0.1551803703768917,-0.09943473102210094,0.10702995228960639,-0.1541693375890323,-0.08997045157866397,0.44528682594176044,-0.27415137106293275,-0.06583304627090697,0.9107016939594184
30,200407,24055,-0.451184083503892,0.233009801758664,0.23386268787758296,0.3298092229901745,0.07893716148149012,-0.03462510507594961,-0.481915100201084,0.007009376405769568,0.5475041292618855,0.6434952388374192,0.0008905443332945719,0.16888362553082362,-0.021085607477018396,-0.07489532739179891,0.11036442032315198,0.09539982508772013,0.20221930069099842,0.014453754649839952,0.024419845919146338,0.15107466042935377,-0.012906822758272726
31,200408,24056,-0.8304808660875341,-0.19357157349074347,-0.1850810379917575,-0.38758831209699085,0.11808401507017477,-0.4766036430050339,-0.9087541889506124,0.33294537927376167,-0.27640985166619625,-0.8256960184100397,0.4149936593154556,-0.17404600709726328,1.401576645401431,0.15736307689692292,-0.1803937477438365,0.8129111677831893,0.34831417682577603,0.3016758021778947,1.1503101513697567,0.23476797520593554,-0.12765267000468178
32,200409,24057,-0.4133153688489662,-0.08872779227315336,-0.05265018093836415,-0.03629427305643072,0.22289891486109212,0.20105144543316447,-0.4819151002010815,-0.42757196075157206,-0.27640985166619475,-0.17272212630006056,0.13892491599401394,-0.11689106832591886,-0.20156411726181164,-0.34784197391786176,0.23664395165364976,-0.09177704691991691,-0.16965856583399336,0.5888978497057339,0.33043891180557405,-0.26150729044793397,0.45238675255126326
33,200410,24058,-0.6991127417845739,0.026769780628899974,0.018139335010457763,0.0805701574962562,-0.3332707222733023,-0.1552704526744092,-0.9087541889506133,-0.21028129217290356,0.27286613561918904,0.48025176580991896,-0.2751781989881444,-0.17404600709726573,0.1311305364824106,-0.1413941043093044,0.5667000139686675,-0.4661307909347654,-0.06340774682678986,0.7899532829754843,0.08860449085713952,-0.06814323390234676,1.5325173524466222
34,200411,24059,-0.7263531556055929,-0.1628894437068031,0.15274412848096397,-0.08897863260209021,-0.05618606732585203,-0.06592730166945784,-0.7664744927007701,-0.3189266264622372,-0.001771858023498036,-0.4992090723550506,-0.27517819898814994,-0.40266576218265565,0.8773286557329497,-0.05772497403209073,-0.08271437986927764,1.2496572024672097,0.08268712930790015,0.04317595940255693,1.1471035863583363,-0.01576733221864786,0.05203997203195269
35,200412,24060,-0.4305596275086984,0.478953348366238,-0.06960062496550296,0.09698837257759899,0.18371834789197175,0.40823136494423096,-0.766474492700769,0.9848173850097652,-0.0017718580235037684,0.15376481975493203,0.0008905443332993839,0.5689681969302557,0.2217878944410626,0.04114481962023875,-0.07849390525539726,0.3137728424297553,-0.07668909920271785,0.5888978497058286,0.9139403695394258,0.029580236106361596,0.2082139646309676
36,200501,24061,-0.7232580803539284,-0.3367754256946341,-0.10644087992930319,-0.06571332601928266,0.29652893774413525,-0.297778720138648,-0.9087541889506142,-0.42757196075157206,-0.2764098516661925,-0.17272212630006128,2.6235436058869746,0.6832780744729424,0.9376177164438513,-0.05111629743531257,0.22123335754300866,0.5009497144373072,0.13581253881152153,0.3878424164362546,0.7764764550364202,0.0929398687065356,0.4044709992379982
37,200502,24062,-0.03808532756569482,0.31696582913589394,-0.001289510350845268,0.0054988930162744466,-0.34033367547567733,0.4440407483715431,-0.05507601145154677,0.11565471069510025,-0.0017718580234980514,0.1537648197549338,-2.2076594022382205,-0.459820700953993,4.81390963923873,0.25204570777029794,-0.20268225003250734,5.804294421316351,1.7827002334217683,0.5314534402002967,5.191411731745396,0.8688847014475148,0.09326233838545149
38,200503,24063,0.09515484831373122,0.3014593020179442,-0.0012895103508485917,0.017724960904466933,0.079072015003248,0.2221268381142544,-0.6241947964509275,0.11565471069508955,-0.0017718580235042962,-0.009478653272562514,-0.13714382732743036,-0.23120094586862072,-0.17663256133977775,0.01209503546615695,0.3141359688025396,-0.12297319225452781,0.2155006530667437,0.7612310782225158,-0.18974481577738328,0.16049765869544105,0.8606638119194593
39,200504,24064,-0.6633299202689539,-0.07231986646146159,-0.0012895103508441747,-0.032181083314830876,0.2147908468650453,-0.4034831502051128,-0.624194796450928,-0.10163595788356614,-0.0017718580235006603,-0.17272212630005823,-0.2751781989881449,-0.23120094586860876,-0.4630158771097896,-0.05079307969041213,0.09950050834324302,-0.12297319225434339,0.10924983405977273,0.7612310782227052,-0.3291261903904574,0.09291750432136822,0.6097378034016309
40,200505,24065,-0.4160953091659213,-0.4119989988770768,-0.001289510350843172,-0.08376497337953587,-0.4605106389541946,-0.14480558250845943,-0.7664744927007695,-0.4275719607515676,-0.0017718580234980705,-0.17272212630006004,0.0008905443332946945,-0.3455108234113039,-0.5520713630968017,-0.2120143003639502,0.1658352319089128,-0.09177704691976087,0.3748768815775142,0.4740090306946472,-0.38705399772977267,0.07522394296693159,0.19528305708725732
41,200506,24066,-0.9285985031716989,-0.0124126623163618,0.12310005833244128,0.19126110230601115,0.1776162260321603,-0.11916172855699284,-1.1933135814502966,0.11565471069509803,0.5475041292618836,0.4802517658099243,0.41499365931546095,0.3403484418448673,-0.21453418825076612,0.037177151549745456,0.8216480411144382,0.34496898776440166,0.17565659593920432,0.675064463964293,0.4617148564815568,0.23619453090620476,0.909331896739102
42,200507,24067,-0.22174896880270384,-0.10650880760190272,-0.1256790790341363,-0.19925258337085097,-0.10685165923186855,0.19787421522247703,-0.766474492700771,-0.42757196075157206,-0.5510478453088895,-0.4992090723550538,-0.27517819898814905,-0.45982070095400707,0.4162702876013449,-0.1195271404285607,-0.14861797022962706,0.3761651330988636,-0.03684504207509997,0.44528682594176044,0.5487476233834077,-0.0942874810472569,-0.03241665807775492
43,200508,24068,-0.8287738851911624,0.037075360763188514,-0.001289510350842995,0.2759306319898454,0.021742411563413076,-0.18695737236961465,-0.9087541889506148,0.11565471069509795,-0.0017718580235016035,0.48025176580992074,0.0008905443332961657,0.16888362553082048,-0.5696522466728563,0.16672696213069943,0.20077489994107842,0.09539982508772722,0.5740971672158784,-0.33021270238379896,0.022632098576572394,0.38080681145472617,-0.07088843953213174
44,200509,24069,-0.6548606688984873,0.03331912127499079,0.10203791519178927,-0.2441078181114162,-0.03454769597949736,0.04441289109770527,-0.4819151002010852,0.007009376405762741,0.2728661356191932,-0.33596559932755377,0.0008905443332967787,0.11172868675947278,-0.36892166522992065,-0.16956774311764425,-0.013803994435066313,-0.27895391892731275,-0.10325180395448928,0.10062036890817702,-0.10247809059474523,-0.18445430707385577,0.8004351415464762
45,200510,24070,-0.9264319504955306,-0.016731967289971537,-0.10461693589348181,-0.04381003547569277,0.08391550399326492,-0.1847364251689161,-1.1933135814503022,-0.210281292172905,-0.2764098516661977,-0.1727221263000613,-0.13714382732742988,-0.5741305784966989,-1.096596183599514,0.027799384192325593,-0.37803857390913986,-0.6533076629423528,-0.08997045157869114,-0.15787947386708562,-0.7175944398317745,-0.04642702269113378,-0.2707290565454694
46,200511,24071,-0.4804259793209885,0.033729072461738736,-0.0012895103508450694,0.08916418261322762,-0.141121310450092,0.2704341976026887,-0.3396354039512361,0.11565471069509997,-0.0017718580234986994,0.317008292782428,-0.275178198988141,0.39750338061621515,-0.5088376374148499,-0.3265834661319991,-0.12087714229906689,-0.6221115176076426,-0.3555974990963088,-0.042990654855727894,-0.6758766159296453,-0.3962348497467781,-0.008882305156510846
47,200512,24072,-0.6340167439309115,0.3607639273102372,0.0457318238019898,-0.006687696146150511,0.05383193084645947,0.09479855893449374,-0.19735570770139574,0.3329453792737587,0.5475041292618826,-0.1727221263000608,0.5530280309761731,0.5118132581588968,-0.432595258584311,0.051093587531647645,-0.5556068368070637,-0.6221115176077348,0.30847011969805543,-0.4163793166422438,-0.23280038686814258,0.4395601576991259,-0.5850020551199646
48,200601,24073,-0.849053193400716,-0.3316090529074423,-0.048310844503688506,-0.013648288984208369,0.39381451590324407,-0.19498030556364326,-0.48191510020108064,-0.42757196075157006,-0.5510478453088905,0.1537648197549304,0.9671311459583357,-0.0025811907832214683,0.9546291389719246,0.4625966616356985,-0.5428325738873849,0.46975356910274596,0.5209717577123054,-0.559990340406201,0.4977731687314417,0.5881500784921573,-0.5372748327175049
49,200602,24074,-0.5167115160896041,0.028782492780700726,-0.001289510350840017,0.043667418578834695,0.06391785049504424,0.22568778692769018,-0.055076011451550305,0.11565471069510423,-0.0017718580234946516,-0.17272212630005637,-0.9653500572917458,-0.2312009458686049,2.1907982709149336,0.6936934203017492,0.3174302837095247,2.310326143843044,3.09755411863472,0.7612310782226334,1.9589463708040644,1.844284791759043,0.28174803992952113
50,200603,24075,0.19010612962527215,0.40832073455824885,-0.001289510350848252,-0.020813677712226072,-0.25462864349803827,0.4973997331301236,0.7986021660475103,0.7675267164310932,-0.0017718580235048242,0.15376481975492917,-0.13714382732742367,0.74043301324429,-0.048210452669184695,0.4614596371377617,0.3412827063134318,-0.18536548292359356,0.1225311864355739,0.4165646211890173,-0.1851125732874661,0.2322630049192655,0.48822364595555223
51,200604,24076,0.2200420726200216,-0.11678969188156538,-0.0012895103508438188,-0.0777666744822193,-0.23000663798266385,-0.09744446104041643,0.22948338104813495,-0.3189266264622358,-0.0017718580234985584,-0.1727221263000595,-0.1371438273274274,-0.5169756397253487,1.9087833146686144,1.4273432203281373,2.1650195420112626,0.4697535691026183,0.9991004432442544,2.0537302920986527,1.097904052721388,1.2933769278309515,2.6981576564546694
52,200605,24077,0.19022993263534183,-0.008772493344897554,-0.0012895103508485117,-0.04188544759420479,-0.00903228588244059,-0.031392627422472466,-0.197355707701397,0.11565471069509224,-0.0017718580235045497,-0.17272212630006062,-0.13714382732742667,-0.23120094586861586,0.13134402598111533,0.2215623979131956,0.9749051978828174,0.2825766970952366,0.7733174528541762,0.991008716245094,0.24509509075941194,0.481958173478101,1.0101263971679901
53,200606,24078,-0.6727464522467531,-0.0073895254859840595,0.2365402718677748,-0.003995740532414617,0.07316093563260577,-0.36291545520397017,0.22948338104813748,-0.21028129217289507,0.5475041292618901,-0.009478653272557263,0.6910624026369019,0.4546583193875681,0.2912467262023871,0.42224289999831127,-0.4082026576801927,-0.3101500642618669,0.09596848168384173,-0.21532388337261102,0.22123810482304168,0.2458724401013311,-0.49402684574069866
54,200607,24079,-0.7324082482797626,-0.039785547580781906,-0.047707605602605264,0.06203983058599283,0.056146916303405014,-0.022417429214301485,-0.3396354039512424,-0.21028129217290784,0.2728661356191892,0.153764819754925,-0.551246942309588,-0.4598207009540083,0.42350463853561293,0.20384487934352094,0.9266399674345472,0.4697535691026679,0.10924983405973347,0.5888978497058351,0.6181921075647053,0.2964423217255696,1.095331140824067
55,200608,24080,-0.7210765212523049,0.311799456348698,-0.19270119731770619,-0.07003131165084008,-0.015280499057498122,0.04088509074995448,-0.4819151002010868,0.44159071356308605,-0.825685838951584,-0.17272212630006478,0.4149936593154499,0.11172868675946172,0.4874482470546323,1.7947310011627122,0.28306037975018533,1.0624803304596933,1.5303545382797132,0.8473976924809737,0.8437690826079683,1.8554229764180363,0.3133318637117574
56,200609,24081,-0.5347717491338683,-0.2741985996647471,0.05533527328858195,-0.00399574053241666,0.26856368866836955,0.06141805399263106,-0.05507601145155309,-0.21028129217289565,0.27286613561919393,-0.009478653272560054,0.27695928765473593,0.22603856430217395,-1.112818115421155,1.0895911540325964,1.2107538188699452,-0.9028768256189421,0.441283643456979,0.9622865114922726,-0.9205195306648842,0.8407450156704249,0.9427621867777491
57,200610,24082,-0.8018879981716973,-0.0860211266064441,-0.05791429399026859,0.07127785241716299,-0.25728638165613094,-0.20819147588639678,-0.4819151002010772,-0.10163595788355899,-0.27640985166618814,0.31700829278243287,-0.27517819898813495,-0.2883558846399422,0.9741781434628247,0.4808998486638403,1.117154829299169,0.688126586444923,0.3350328244500262,0.9048421019868452,0.6500475980491939,0.4183344932226287,1.2012415905466833
58,200611,24083,-0.2447388126114387,0.20790152636318707,-0.0012895103508536224,0.1094710521833217,0.01575828653513713,0.4371087010481287,0.9408818622973532,0.44159071356308266,-0.0017718580235090966,-0.009478653272573316,0.0008905443332881354,0.7975879520156227,0.5767443174876683,0.6189169688374953,0.10565536715493608,0.18898826109134004,1.1053512622512889,0.27295359742490344,0.8427562072480002,1.0376348563929056,-0.10617289904932468
59,200612,24084,-0.40919235345310884,0.14834006418281545,0.016053608055300345,-0.1927361261977486,0.07345311826309012,-0.08013192146372045,0.2294833810481342,0.11565471069509572,0.2728661356191902,-0.33596559932755854,1.795337375922651,0.4546583193875517,1.4006778405970821,0.7119439600308054,0.53871064697759,0.22018440642595094,0.3748768815774689,0.21550918791933885,0.5262737739919182,0.6886873045747622,0.1795464341307849
60,200701,24085,-0.3911021075579266,0.16015950020551925,0.523428742263642,1.0721301711426645,0.2280064919979053,0.7441036732228298,0.22948338104813976,0.33294537927377826,0.8221421229045862,0.9699821848924164,-0.5512469423095757,0.45465831938757567,1.991271546010827,1.1997096586010836,1.3981807001420918,2.372718434512436,2.0217645761879135,0.9048421019868844,2.1670351118521207,1.6581911075761055,0.7601480532694501
61,200702,24086,-0.08901338397945993,0.07196319458945734,-0.3637080439087717,-1.019874649255722,-0.2738958404200455,-0.3942538137600536,0.22948338104813648,0.007009376405756348,-0.8256858389515818,-0.8256960184100414,-1.5174875439346314,-1.0885250274388287,0.09590523635026223,1.2229493811532048,-0.2917421777741732,0.8753034584521769,2.9647405948756576,0.3303980069305072,0.3507304146711142,2.110754166637498,-0.3497576677617409
62,200703,24087,-0.8670702829717675,-0.3446040116101991,0.3372100316858202,-0.06424274348419577,0.10394125197519542,-0.43808813937930524,-0.7664744927007661,-0.5362172950409034,1.0967801165472693,-0.172722126300057,0.000890544333298679,-0.516975639725345,-0.37888092698674825,1.5703686439862017,0.3080819324399631,-0.24775777359272314,1.4108223668968263,0.4452868259418257,-0.3111760063514064,1.624175308305905,0.8035765015864987
63,200704,24088,-0.5898284483530397,0.4927756181988653,-0.4429059134080696,-0.003995740532423943,-0.21776306198586245,0.1592512302080232,-0.3396354039512376,0.44159071356309454,-0.8256858389515804,-0.009478653272565894,0.0008905443332901583,0.22603856430216276,0.48074178043886623,1.159777861134384,1.488383673091274,0.3137728424297411,0.6537852814711202,2.0824524968515004,0.3199171264979538,1.104377146721769,1.683811304448164
64,200705,24089,-0.6141351059961169,0.1078586192843747,-0.07781548679299297,0.1156815492316828,0.006256732147542702,0.058859595141346276,-0.3396354039512358,0.22430004498442965,-0.551047845308885,0.31700829278242687,0.5530280309761835,0.3403484418448663,0.582577205629738,1.3699343531493464,1.7328432346448708,0.8441073131178072,1.1186326146274492,2.254785725368501,0.7142063375136519,1.3309602256778332,1.9706062668238513
65,200706,24090,-0.8587679780845747,-0.5380688671433455,-0.0012895103508450913,0.03061476486973924,1.3075314093041637,-0.09684075716541814,-0.48191510020108164,-0.7535079636195625,-0.0017718580235042524,-0.009478653272565994,0.8290967742976115,-0.11689106832591663,0.880967787450435,2.5271738422197503,2.635027128697442,0.25138055176052637,1.6897307667904111,3.518562734491542,0.7091095493764377,2.422305807757935,2.7833635684657203
66,200707,24091,-0.7839778293820622,-0.1117393896111157,-0.0012895103508482138,-0.1178153743597805,-1.299985049727405,-0.2789564186249825,-0.3396354039512447,-0.1016359578835809,-0.001771858023503862,-0.17272212630006495,-1.2414188006131937,-0.5741305784967099,0.44673808870747206,1.3792599970613435,1.954737911439836,0.6569304411100709,1.5170731859038515,1.5941750160538095,0.3479047629327306,1.697183071486874,1.9160905652459628
67,200708,24092,-0.6563050373492649,0.05850889299072322,-0.0012895103508425284,-0.04446390187132215,0.2517407118283332,0.1258767522599229,-0.339635403951239,-0.10163595788355735,-0.0017718580234973177,-0.17272212630004918,-0.13714382732741728,-0.17404600709724846,0.28545354617310903,1.335706536906189,2.0103631806731275,0.8753034584523685,2.114734042819032,2.369674544379643,0.20009923847118186,2.0129425216000203,2.509320487984239
68,200709,24093,-0.8553071212122622,0.00024396317805413863,-0.0012895103508475667,-0.003995740532424873,-0.18948315469262955,-0.13516138799289185,-0.6241947964509243,0.22430004498442774,-0.0017718580234989967,-0.009478653272569594,-0.13714382732742184,-0.059736129554569146,0.2838965210106093,2.1482233001643487,2.524513414757617,0.15779211575681426,1.2780088431379026,2.1686191111098796,0.5206571235103092,1.8255881470061348,2.76027716087016
69,200710,24094,-0.8555716094610363,0.062376263824715825,0.23880241774683045,-0.003995740532413706,0.4367372681013109,0.19324247051762772,-0.7664744927007711,-0.21028129217290728,1.0967801165472642,-0.009478653272559711,0.6910624026368907,0.3403484418448565,-0.14783530388208882,1.5873268365895452,2.0540746948659727,-0.12297319225452072,1.2116020812583865,2.082452496851402,-0.144896474682121,1.4320818465323601,1.960307623481975
70,200711,24095,-1.0684565126801349,0.20604686768098107,0.025890385796077244,-0.003995740532424346,-0.23928343650066347,-0.05819366417592949,-1.0510338852004584,0.9848173850097575,-0.5510478453088873,-0.00947865327256897,-0.2751781989881475,0.16888362553081449,1.2587886088004019,2.0132730815903783,1.3076289518597464,0.906499603786802,1.0522258527477761,0.8761198972338017,1.1911099237201592,1.7166794513019492,0.6155456168793467
71,200712,24096,-1.1311608614756987,-0.026877024369206522,-0.25159666323573565,0.04241643645586541,-0.17114869462950263,-0.13939535110955995,-1.3355932777001442,-0.5362172950409089,-0.27640985166619403,0.15376481975493064,0.000890544333293162,-0.40266576218265665,-0.5134540558530498,1.222548371131128,1.8717885861445054,-0.46613079093483634,0.919412328988925,1.7090638350650562,-0.5506689399279798,1.2219229605024289,1.4923811799901334
72,200801,24097,-0.8325911446682226,0.025655997585402712,0.22928148678917476,-0.02591383559817771,0.6186153366835215,0.35856391386388864,-1.0510338852004528,-0.42757196075155673,-0.0017718580234950176,-0.009478653272560648,0.2769592876547399,-0.0025811907832091834,4.186275272222889,1.6903861503626503,0.8237116773475961,3.4021912305535817,2.074889985691348,1.3643973780316165,3.47272556672068,2.059536944185992,0.5543938272432585
73,200802,24098,-0.02758270554504643,-0.10281924692118717,-0.03874438608179494,-0.0284898224549419,-0.7149848534192442,0.24343025205929023,0.08720368479829839,0.4415907135631009,0.2728661356191915,-0.17272212630005324,-0.5512469423095787,0.45465831938756396,1.2098541996336218,1.887974867796076,2.0500145396700025,1.4992263651440403,3.6952149755498334,1.3643973780316687,1.1035272259216147,2.7238068997850027,1.509131756860156
74,200803,24099,0.5002926955440021,0.08476799521162293,-0.2113703031196285,-0.003995740532424862,0.09025361951616633,0.26431077194213276,0.08720368479829638,-0.42757196075156634,-0.5510478453088863,-0.009478653272570008,0.1389249159940103,-0.2883558846399621,0.3748495876185702,0.4072936864086075,1.1877478358969076,0.4073612784335383,0.38815823395338184,1.1058975352562819,0.4645881560881841,0.39419522397668905,1.0759050310119445
75,200804,24100,-0.42003637165303764,0.017237180744323732,0.12629267176176387,-0.003995740532422751,-0.029187268489396505,-0.4408274080434065,0.22948338104813698,0.22430004498442083,0.5475041292618806,-0.009478653272568693,0.27695928765472755,0.3975033806161975,0.593902426454607,0.4622262970559337,0.7331385336036667,0.8441073131175164,0.29518876732203986,0.24423139267205582,0.5196783786536808,0.41427279696488883,-0.06500312847350219
76,200805,24101,-0.4744703042155094,0.04717349571863826,0.3085931749490493,0.06350794570072615,0.26112426938439826,0.17957827116387823,0.6563224697976638,0.441590713563098,-0.2764098516661943,0.1537648197549298,0.0008905443332954914,0.45465831938755535,1.8851845498621336,2.1819060466124,1.0378477149775776,1.8423839638242707,1.065507205123671,-0.24404608812544556,1.5447743970904209,1.7962192719303025,-0.14286642439626449
77,200806,24102,-0.696565401062295,0.1470781060115705,-0.4387543777633467,-0.06766012068402852,-0.06509763755574313,-0.2467210424975687,-0.4819151002010858,-0.1016359578835699,-0.2764098516661936,-0.009478653272563873,0.27695928765473593,-0.516975639725347,0.5136098201541468,0.45134690301222496,1.714455740488651,-0.18536548292358646,0.25534471019451865,0.5888978497058351,-0.048956489112350905,0.22484761510562887,0.4749951049270797
78,200807,24103,-0.2252792303927914,0.7741824120454436,-0.0012895103508529355,0.21168394063307275,1.4333328884195826,0.9164957847489552,-0.4819151002010852,2.5058520650604295,-0.0017718580235060134,0.1537648197549312,-0.27517819898814344,1.25482746218642,-0.5789042368737164,0.9331500985484242,2.589782175394883,-0.4973269362692415,0.8662869194854849,2.3122301348740786,-0.7207349686391689,0.9651904716406547,2.3550406265650508
79,200808,24104,-0.6686271884572611,-0.8264102569681295,-0.0012895103508450188,-0.22351472777945222,-0.8302621389403422,-0.80616970681234,-0.19735570770139926,-2.8177693151168954,-0.0017718580235011748,-0.33596559932755166,-0.27517819898814194,-1.6029194763809425,-0.21745670532727288,2.9987831063038732,0.5881174571911604,0.18898826109141098,1.0123817956201522,0.24423139267216032,-0.35720986416301215,1.8633433014386287,-0.3242706173913097
80,200809,24105,-0.8970887613065591,0.23512376691440912,0.0033486000678648762,-0.003995740532419488,-0.4687985116459351,-0.10369646256785002,-0.33963540395123404,0.22430004498442704,0.27286613561919515,-0.009478653272562669,0.13892491599401502,0.168883625530822,-0.22036754354690505,1.62293762665188,0.8513376145800954,-0.4973269362693408,0.01628036742855764,-0.1578794738669746,-0.42854775698348874,0.6784656010004588,0.1121961647901633
81,200810,24106,0.5604309455854545,0.510452910938194,0.009679763062720224,0.47350191512678713,-0.4017425979488786,1.119756149317846,1.2254412547970384,1.2021080535884192,-0.0017718580235030672,0.48025176580991774,-0.1371438273274299,1.3691373397291033,0.7635224025239666,0.3899732489580577,-0.32540837620929125,0.15779211575672206,-0.12981450870642378,-0.5887125451591726,0.24312853328775763,0.14369949655235728,-1.0685221961076874
82,200811,24107,1.9812074197322513,0.4220738559979396,0.41724731380691144,0.5489778365459539,0.010324813387403826,1.3124029778747088,1.3677209510468786,0.1156547106950905,1.0967801165472684,0.3170082927824173,-0.27517819898814877,0.34034844184485064,-1.01460967593711,-0.676395692754954,-1.2015015306701138,-0.9028768256189066,-0.6345058989900507,-1.3642120734846408,-1.2671167313118405,-0.7236901337705515,-1.3932924781757368
83,200812,24108,1.7557508835818416,2.0015886130905756,-0.19919455190389476,0.37176770622706296,2.1460843210119904,1.1653593976057983,3.0750773060450123,3.157724070796435,-0.5510478453088808,2.2759299691123753,0.967131145958342,3.4267151354976324,-1.3651748489008861,-0.8856912311818577,-0.5297347412472041,-1.214838278964661,-1.1923226987772084,-0.8184901831813657,-1.4944798356589757,-1.2088101582937953,-0.9992984002203412
84,200901,24109,0.5322751398112103,0.3159705861945762,0.38272895951898456,0.09357099537777147,-1.3808803060954606,-0.5930521939483414,0.9408818622973573,0.11565471069509746,0.8221421229045783,-0.4992090723550489,0.8290967742976197,-0.4598207009539995,-1.10707538805227,-0.7033387991764348,-0.8794456124564548,-1.2460344242993144,-1.1790413464014042,-1.1631566402150013,-1.5832578426791175,-0.9835651698059674,-1.4938343861951242
85,200902,24110,0.18213021449189268,-1.335868450747733,0.5724788940413433,0.10639911383402284,1.0559790211439914,-0.2894142572982022,0.9408818622973532,-0.9707986321982399,2.1953320911180403,0.6434952388374109,-0.5512469423095893,-0.05973612955457585,-0.45506444438021626,-0.01127879363840405,-2.0376716330811107,0.22018440642592968,2.340517033208917,-1.5939897115072126,-0.45044929260995814,0.7076059362117546,-1.7123818915070574
86,200903,24111,0.570522766709068,-0.39940164343374857,-0.4185344927110016,-0.6882804943764844,-0.7408205406304963,-0.5075984629167605,1.7945600397964094,-0.5362172950408978,-1.3749618262369683,-0.3359655993275557,-0.1371438273274255,-0.4026657621826522,-1.0587398706519089,-0.6252274949349312,-0.5976465741114007,-1.2148382789647887,-0.727475365621296,-0.9046567974398758,-1.3025217604441681,-0.804682197781519,-1.0339507004738695
87,200904,24112,1.255207810669771,0.08994671592612682,0.07080038379512878,0.18370832858134223,2.5862125026686202,0.9726221641425268,1.225441254797043,0.33294537927376844,1.3714181101899725,1.4597126039748958,1.6573030042619337,1.4262922785004672,-1.110203920159144,-0.7063525296239894,-1.432190914530428,-1.1524459882956308,-1.2321667559050196,-1.7950451447767604,-1.6547572696947686,-0.9936909003050038,-1.893874344810829
88,200905,24113,-0.7303786292359438,0.3749368782785205,1.1719674702584957,0.8194984026525154,-3.185608131170326,-0.7256711691507712,-0.3396354039512414,-0.9707986321982437,-0.5510478453088968,-1.1521829644650419,-2.2076594022382263,-2.5745534354938626,-1.4993359477063766,-1.1373882754354452,-1.223221441240057,-1.5891920229798076,-1.2454481082809687,-1.6227119162599883,-1.5314304119689708,-1.3960911114256118,-1.6023692582795517
89,200906,24114,-0.7485832991252821,-0.48689658677849473,-1.0317296811287138,-0.48932005357636016,1.5259547822843582,-0.49115682393843163,-0.7664744927007721,0.33294537927376383,-1.649599819879658,-0.1727221263000568,3.0376467208691333,0.8547428907869871,-0.5310083116360911,-1.2794990504994692,-1.2116790293482824,-0.7156999536114965,-1.4048243367916335,-1.3354898687319432,-0.7272514508826153,-1.4901227260166996,-1.3302876973175213
90,200907,24115,-0.351954095132315,-0.08866605263660284,-0.8088129889128339,-0.32889578397257774,0.4595556077630936,-0.15367129032999563,0.3717630772979685,0.007009376405752681,-1.1003238325942803,-0.009478653272571141,-0.13714382732743335,0.16888362553080188,-1.203802948519111,-0.415336858682807,-1.5794837200217,-1.308426714968593,-0.8735702417561446,-1.5365453020015696,-1.3172331703896014,-0.78105379887041,-1.5571709699713239
91,200908,24116,0.7927003988958966,-0.31186965630707175,-0.042343901222684215,0.35716551253133144,0.14359942516724092,0.6495029746609049,0.9408818622973507,0.22430004498443679,-0.001771858023502305,0.6434952388374253,-0.6892813139703031,0.28319350307352487,-0.9832005589886333,0.21082182510504394,-1.3929302425237582,-0.9028768256188499,-0.5680991371104983,-1.3642120734845753,-1.1651070107205292,-0.22772305477441213,-1.3295774859991099
92,200909,24117,1.5308120691098932,-0.15814783961913567,0.12802840633563675,-0.6712133477402293,-0.3802446990210264,0.042161808928200865,0.37176307729797686,-0.9707986321982379,0.8221421229045823,-1.4786699105200205,0.138924915994018,-1.0313700886674722,-0.5833179103612656,0.21122283512715187,-0.23776992776466274,-0.9964652616226755,-0.7540380703730252,-0.3876571118894027,-0.8435642963252377,-0.40229705851539577,-0.5377794036550185
93,200910,24118,1.5281765656380193,-0.07144069403687875,0.46101058880060186,-0.11669269809557291,0.3307255433047393,0.15115496858991534,1.794560039796408,-0.10163595788357048,0.5475041292618886,-0.4992090723550527,0.13892491599401652,0.5118132581588986,-1.3073645087156986,-0.7258176242015566,-1.7745484879905296,-1.339622860303126,-0.9931024131390225,-1.852489554282338,-1.3049353516650624,-0.9426775691508079,-1.5808004151074373
94,200911,24119,0.2946558958233513,0.34253344742735276,0.51721139792936,0.40289914892036816,0.42003790698956966,-0.09227028689712909,1.0831615585471899,0.007009376405761944,-0.0017718580234998046,0.4802517658099246,3.0376467208691396,1.1405175846437277,-1.5483408971671508,-0.227838873518609,-0.09085198248394304,-1.5891920229796939,-0.6743499561176263,-0.7036013641701712,-1.7897912777535545,-0.613057208560835,-0.8935477576983553
95,200912,24120,0.28223995455621637,2.2650489293824245,-1.0610095315633792,0.40432038304823775,-1.7546043660769008,0.39828983873647517,0.3717630772979723,1.7453347250351012,-1.1003238325942768,0.8067387118649122,-3.7260374905061484,-0.8599052723534273,-1.0887152911637121,-0.45021242004982565,-0.4708473968439978,-1.4644074416414419,-1.0462278226426196,-0.8759345926871,-1.3646251357100456,-0.9045168694980128,-1.074930950007504
96,201001,24121,0.049689130768350534,-0.7097445701424006,0.06007012956878486,-0.1885538486860429,2.1503209691540572,-0.07709632560640305,-0.33963540395124314,0.8761720507204211,-0.5510478453088884,0.48025176580992,1.9333717475833732,1.0262077071010283,-0.6089413217485926,-0.8354478971034929,0.17561794035738823,-0.528523081604051,-1.2587294606568937,-0.21532388337271552,-0.7415249285461312,-1.1758657244759336,-0.2497730848783093
97,201002,24122,0.48428083957539236,-1.1942994641198998,0.7711920480845237,-0.6368397146927133,-2.2474321802594996,-0.6345852124501036,0.5140427735478114,-1.622670637934236,1.0967801165472708,-1.478669910520021,-3.311934375523995,-2.1744688640944303,1.1312475530719748,-0.5558629762456879,-0.49295330498797035,1.5928148011475467,1.6764494144144801,-0.47382372614793244,0.9795032969060818,0.3350000477243686,-0.8606668717450016
98,201003,24123,1.253635887602561,-0.49368053804349993,2.222931991005779,0.5028642174213441,0.02155136907425201,1.2117551955732169,1.367720951046879,-1.1880893007768947,1.096780116547274,-0.17272212630005854,1.243199889279787,0.3975033806162194,-1.2117982937493659,-0.41250647703676674,0.17890551422868034,-1.1836421336300502,-0.31575344196856403,0.07189816415553842,-1.3696341958121232,-0.320872591426658,-0.23878029014882557
99,201004,24124,0.4935754443463033,0.5773885553090803,-1.8936670158483222,-0.27129632306802404,0.5266227592536338,-0.8496996692467061,1.225441254797035,2.6144973993497587,1.646056103832658,0.480251765809922,-0.1371438273274304,1.7692219111285419,-1.860231770067161,-0.3946763299176674,-0.5655094184583698,-1.6515843136490365,-0.5946618418624691,-0.5887125451591465,-1.877440382556698,-0.5413447074417094,-0.8723639073005045
100,201005,24125,-0.8539696735429008,-0.7223369864147985,-0.6680420695053106,0.5942451304867885,0.6120187519105709,-0.8926610852696744,-0.3396354039512482,-2.165897309380905,-3.0227897880931316,-0.33596559932755543,1.105165517619057,-2.0601589865517274,-0.8576182810898807,0.27908048859262563,-0.47294356590215975,-0.7468960989460365,-0.28919073721693156,-0.6461569546646457,-0.7367593495562085,-0.06971038847308061,-1.0725439314401235
101,201006,24126,-0.9523930665458638,0.7884072243084461,-0.2146397441448389,-0.8891235769119581,-0.38298110173348243,-0.2309654763089625,-1.05103388520046,1.3107533878777722,0.5475041292618874,-0.33596559932755254,-1.1033844289524621,-0.05973612955456204,-0.2532556708954455,-0.2002433072895741,0.41385904289147374,-0.34134620959636436,-0.6079431942381404,-0.04299065485568218,-0.4112436928698973,-0.5310946294628615,-0.27361671522865705
102,201007,24127,-0.8545024016468209,0.48074626741187665,1.292088839169977,0.3655695462805077,1.805062240058261,1.1828738414734528,-1.1933135814503077,-1.514025303644909,0.2728661356191933,0.3170082927824259,1.3812342609404922,-0.11689106832592312,-0.5125164772449666,0.6513744214360164,0.24013492895402402,-0.27895391892736243,0.3217514720738717,0.1867869831665435,-0.3653215808549595,0.29469768436741745,-0.27978613457813806
103,201008,24128,-0.8807955348605182,-0.6905657694419768,-0.37300418301178595,-0.6239005623202237,-1.462882485121341,-0.9348962485445155,-0.9087541889506205,0.1156547106950936,-0.276409851666202,-0.988939491437538,-2.069625030577508,-1.0885250274388236,-0.9689336677623869,-0.09769448896627674,-2.8735284238694376,-1.1836421336301282,-1.2587294606567911,-3.288599791922393,-1.349657165506259,-0.8390595717748089,-2.670218942160274
104,201009,24129,-1.0832134563194333,0.8561430143691154,-0.3635202431188115,-0.33122256137288786,-0.6582677097240822,-0.13375006695399716,-1.335593277700146,0.7675267164310993,-0.5510478453088863,-0.8256960184100369,0.0008905443332959818,-0.17404600709726026,-0.6704842245041597,-0.09808921274374441,-0.4828455613762571,-1.1524459882955527,-0.6610686037417315,-0.7610457736757684,-0.8714561988047526,-0.36891678598567423,-0.827771628886696
105,201010,24130,-0.8056846238137313,0.4769579233126768,-1.0205669159921522,0.9471923411691452,-0.3955000036705565,0.3045057978290887,-1.1933135814503077,-0.9707986321982329,-0.8256858389515794,1.4597126039748882,1.2431998892797747,0.39750338061620766,-1.0173588787815502,0.10216932517021918,-0.31976378450174425,-1.027661406957329,-0.30247208959284444,-1.048267821203905,-1.1825100785760814,0.25338362512371937,-0.8628050802045619
106,201011,24131,-0.5793802246246895,-1.67355709728071,0.6904206356026735,0.24449076175141954,3.280286722496725,0.37741835934426365,-0.33963540395124847,0.4415907135630947,1.9206940974753486,0.1537648197549287,1.1051655176190531,1.4834472172718047,-0.7861338684392931,-0.6278187373577198,-0.8301070918669009,-0.8716806802843382,-0.5946618418623543,-1.1344344354622649,-0.8159257011721319,-0.7194460774362114,-1.1340458315227835
107,201012,24132,-0.2170613366488167,0.654360594998855,1.042663780904598,-0.5891592836389281,-1.7730231095911357,0.2787072510377786,-0.9087541889506153,-0.5362172950409012,1.096780116547279,-0.9889394914375295,1.795337375922662,0.11172868675947817,-0.3719974089048304,-0.5628765917672781,-0.4732237585222938,-0.6533076629422109,-0.5813804894864293,-0.5599903404061684,-0.5738265454987606,-0.48298540125647293,-0.6205987228552516
108,201101,24133,-0.40249761189359884,2.20643331843412,-1.0921816172302001,1.0579104276028732,-0.7528225040674771,0.7159606258587182,-0.9087541889506136,1.6366893907457667,-2.473513800807736,1.786199550029888,-1.1033844289524641,0.5118132581589123,0.0994934482530693,1.4436610017596558,-0.761815709376124,0.25138055176057605,0.5076904053363743,-0.732323568923071,0.0004983743994826365,1.0189338305048259,-0.6833676742279804
109,201102,24134,-1.1394687937724333,-1.5208725064869544,0.0016214018935282793,0.9084489066624928,-0.7071914436406531,-0.7620199685196324,-1.4778729739499934,-0.42757196075157855,0.8221421229045711,-0.8256960184100475,-2.8978312605418286,-1.7743842926949986,-0.008935859375733636,-0.7764383948849933,-1.5955898131781292,0.22018440642597933,0.5873785195916645,-1.3354898687319432,0.01815950256998901,0.08044749197099252,-1.1788697412652134
110,201103,24135,0.4902083776331274,-0.19741424847011788,-0.02391666007450068,1.0584063790954006,0.7863000721000724,1.3626691103352608,-0.3396354039512452,0.9848173850097606,0.27286613561919404,2.1126864960848604,1.6573030042619283,2.4550811763847045,-0.7461837700799882,-0.5043128890640566,0.32513675311897017,-0.7468960989460578,-0.4618483181035153,0.10062036890819008,-0.6935997689163641,-0.5277049132385657,0.5387298799280202
111,201104,24136,2.3335789234295903,-0.3822577811542874,0.8160138366216231,-2.0127226563304994,-0.5325954652336874,0.2123751622099667,1.9368397360462561,-1.1880893007769013,0.8221421229045794,-1.315426437492516,-0.6892813139702977,-0.28835588463994954,-1.3872941361529694,-1.378686299505425,-1.2338160048746543,-1.5891920229796728,-1.2454481082807876,-1.6514341210126269,-1.6040430495971643,-1.343629197196067,-0.805089511725126
112,201105,24137,2.7801926548353713,1.3864988403309149,1.3190894709264833,0.9982654752191495,-0.48053076803938327,1.5965355537183405,2.079119432296095,0.9848173850097632,1.096780116547269,0.6434952388374208,0.6910624026368946,1.3119824009577645,-1.155679519154565,-0.7513379439213518,-1.4739522177456632,-0.6845038082768998,-0.44856696572764465,-0.8184901831814831,-0.9840664323984554,-0.5502257555244682,-0.7263392066296972
113,201106,24138,1.4038051872070085,-0.0572405776284944,-1.8826892060352083,0.45318517587524465,0.42955069917065863,-1.1564173997083982,0.7986021660475096,-1.0794439664875584,-3.022789788093123,0.4802517658099246,-0.2751781989881406,-1.6600744151522842,-1.118959792531567,-1.106456022940825,-0.7148573606155679,-0.9340729709534892,-1.3384175749121174,-0.674879159417402,-1.0369278235351767,-1.344684283172993,-0.20961423841379184
114,201107,24139,0.04152188371033554,-0.41277444871224667,0.18617551456034012,-2.04584037241433,0.6573182974297311,-1.5397794053219278,1.22544125479704,0.7675267164310927,0.8221421229045779,-2.1316438026300024,-0.2751781989881475,-0.1168910683259207,-0.9721962731430159,-0.540097860487926,-0.024165845788991665,-1.0276614069572367,-0.9931024131389862,-0.21532388337259142,-1.0709294906390505,-0.5054357147528412,0.9130394534920196
115,201108,24140,0.029029034512696422,0.7071529234269998,-0.4711926960291469,0.13419213677906058,-0.16264730386163284,0.14741923695744674,-0.3396354039512381,-0.9707986321982253,-0.825685838951571,0.15376481975494088,1.7953373759226625,-0.5169756397253338,-0.7587861906632092,-1.635233181492875,-0.9580575208206158,-0.8716806802843241,-1.4313870415432903,-0.9046567974398235,-0.8333710065788908,-1.6664297121722496,-0.2664793335673854
116,201109,24141,3.014621157609245,-0.0054484313126068,1.2696580266358177,-0.4087809855766558,-0.8330322550332493,1.7367123790962717,0.7986021660475141,1.4193987221670856,1.6460561038326513,0.15376481975492348,-1.1033844289524701,1.140517584643713,-0.5185446358692662,-0.7800398892056817,-1.0124764377267554,-0.4037385002657422,-1.2056040511533388,-0.8759345926871653,-0.2924862269439408,-1.0714818709452831,-0.4688312603368065
117,201110,24142,-0.047231743885157364,-1.394192650611483,-0.1632705371577725,0.09506131727574763,-0.6950883400623525,-2.342655334121673,0.6563224697976687,-1.622670637934234,-0.0017718580234998046,-0.3359655993275575,-1.1033844289524661,-1.4886095988382522,-1.5789866840480207,-2.3326454004819572,-1.7489721187423313,-1.2772305696339539,-1.7235767938129751,-1.737600735271124,-1.460953939345826,-2.075639302861124,-1.4493434873308173
118,201111,24143,-1.1394687937724342,0.3663303729423231,-1.1917501815071323,0.6003421261985464,0.7789617929574378,-0.46568072131330035,-1.4778729739499903,1.0934627192990973,-1.649599819879667,0.48025176580992496,1.6573030042619346,0.22603856430216868,-0.43276670419922375,-1.146131132084865,-1.3895040377852748,-0.7156999536114469,-0.9134142988837021,-1.134434435462278,-0.37033477032667506,-0.926946026229767,-1.206404264458
119,201112,24144,-1.1394687937724293,3.1430137266793627,1.6757686985245768,0.4252835864343322,0.202451749623653,2.0865793668864745,-1.4778729739499898,0.7675267164310935,1.0967801165472735,0.9699821848924038,-0.41321257064886846,0.797587952015634,-1.2334896676956018,-1.585670595322723,-1.3854383139073085,-1.1212498429610198,-1.5243565081745778,-1.737600735271111,-1.331629854956761,-1.6187878518734575,-1.1548325402351374
120,201201,24145,-0.27697449030832555,-2.044143091757333,0.1338047033601589,0.8373082428174039,0.0541746835476072,0.03547184585417266,-0.4819151002010877,-0.4275719607515724,0.2728661356191921,1.4597126039748893,-0.9653500572917466,0.34034844184485674,-0.47124386516389843,-1.225178824849884,-1.4362030032102377,-0.8716806802844589,-2.2548308888485185,-1.1344344354623432,-0.5869280406654971,-1.9062475269036516,-1.3124970270665455
121,201202,24146,0.7085649987365378,3.039362755240077,-0.16313680023159954,-0.543393570785195,-0.43392763847650456,1.4148940157679386,1.5100006472967258,1.5280440564564304,-0.0017718580235015122,-1.9684003296024986,0.000890544333295001,0.9118978295583384,0.04944113893210087,-2.4954083226514703,-1.7944354229885269,0.22018440642607862,-0.9134142988836599,-1.938656168540685,-0.2361401535428262,-2.0205117205484036,-1.759185747113404
122,201203,24147,0.31602692148531186,-0.35825834963138486,2.6071439525986086,1.3602903254092082,1.2005813287519922,1.340113086187048,0.5140427735478225,1.9626253936137725,1.9206940974753597,3.0921473342498427,1.6573030042619454,2.7980108090128084,-0.7886747204818155,-1.0282302566614514,-0.8319277577210746,-0.9964652616226223,-0.9001329465077349,-0.7323235689229927,-0.9197669067140134,-1.1321648732622343,-0.19044650337822414
123,201204,24148,1.9972943078281813,-2.4462780405151796,-3.222821415856514,-0.3357700170980067,0.9716281432807264,-1.1881384723682666,1.652280343546569,-3.7955773237209076,-2.198875807165054,-1.315426437492527,-0.27517819898814844,-2.5745534354938555,-1.3057089140036429,-1.8894148639373594,-1.6754869146798619,-1.246034424299389,-1.3782616320398138,-1.0195456164510899,-0.9987659767268184,-1.7076985745756246,-1.3431695438526965
124,201205,24149,4.202897454654105,-1.303010616171484,1.4592514604998905,-0.4348443468487007,-1.7628978576653827,0.6813305242105108,3.7864757872942234,-0.21028129217290598,2.4699700847607398,-1.4786699105200192,0.8290967742976108,1.0833626458723706,-1.0907329304304572,-1.7432787968937544,-1.3211039194554977,-1.2148382789647745,-1.032946470266749,-0.933379002192681,-1.1995472168709194,-1.4764622337576745,-0.8138560753176284
125,201206,24150,0.47549832907340006,0.209109153654275,-1.488816885625516,-0.24680224114550225,1.0411226581630202,-2.343647779094204,0.5140427735478273,-0.6448626293302302,-2.4735138008077397,1.1332256579199032,0.13892491599402093,-1.717229353923629,-0.5084639140035575,-2.295252460066316,-2.2212496759759257,-0.7156999536113866,-1.7235767938128483,-1.479100892495835,-0.5949595296059655,-2.2054765228364626,-1.7504333423993808
126,201207,24151,1.0263185546947993,-0.6770225627665825,1.4033152797569874,0.30156219469873735,-1.0736053189631414,0.4530822435110707,1.5100006472967313,-0.7535079636195734,0.8221421229045807,-0.6624525453825496,-1.3794531722739058,-0.6312855172680478,-1.049337923932178,-3.3692240908088027,-1.2707853108722509,-1.1836421336302345,-3.5564034216855966,-1.335489868731927,-1.12489027164156,-3.296481331224943,-1.2561149080856817
127,201208,24152,2.0270914413874004,1.0971029375137158,-1.805295362306131,-1.6276002841421884,1.6430020202786049,-0.016759086572261772,2.079119432296102,1.4193987221670972,-1.6495998198796658,-0.6624525453825444,0.0008905443332940203,0.39750338061620644,-1.2482559468303607,-0.8303945421995454,-0.6475932533693526,-1.0276614069573398,-0.7274753656213081,-0.33021270238386424,-0.9497212017479038,-0.8626132854347924,-0.09220616559048184
128,201209,24153,1.9130294772492074,1.818888680587694,1.0830210324803677,-0.35545509673715336,-1.8617511080149989,0.5908000554347705,1.794560039796414,-0.1016359578835782,1.0967801165472728,-0.8256960184100364,-1.6555219155953524,-0.9170602111247858,0.03750628179217399,-0.8845644218316516,-0.5126673177621852,0.06420367975309149,-0.8602888893801834,-0.5312681356534742,-0.05210896780973369,-0.8359292037830054,-0.42387051444140994
129,201210,24154,-1.0335590702668078,1.0695596508524,1.6885163885097412,0.5284883778691529,1.2095097556720968,-0.1081534244536531,-1.193313581450302,2.179916062192429,-0.5510478453088841,0.3170082927824233,0.41499365931546023,0.11172868675947817,-1.0046747062020271,-1.473129005375455,-1.048763726750077,-0.9028768256189491,-0.9798210607631458,-0.7323235689230547,-0.9060723498071228,-0.9001312407076698,-0.6522233400493599
130,201211,24155,0.2832059931953758,-0.028366184402982993,-1.4832312348574799,1.4348483664541274,-0.7917614584767683,0.6198391158712521,-0.055076011451553594,0.8761720507204344,1.3714181101899605,1.459712603974895,-0.5512469423095836,1.4834472172718105,-0.7448944243109255,-1.0572035581724504,-0.7978535800733354,-0.4037385002655826,-0.9001329465077711,-0.8184901831814179,-0.43311497454379694,-1.1203930528656507,-0.7230848329969992
131,201212,24156,0.2160878795106244,-2.636458347383417,-1.5536309218938027,-0.740890831311314,1.004858298602028,-1.7714932074335896,0.6563224697976614,-2.383187977959565,-1.3749618262369687,-0.009478653272567082,1.3812342609404917,-0.6884404560393935,-0.5034919911705819,-1.0808241223788935,-0.9343777273520201,-0.4349346456002396,-1.2454481082809143,-0.617434749911857,-0.5248307330446206,-1.1932071193141294,-0.6404309845485139
132,201301,24157,1.3091352763728776,0.8588521496212886,0.702769960275811,2.247799222437002,-1.0046783126516121,1.925500927147538,1.5100006472967238,0.1156547106951044,0.27286613561919504,3.5818777533323267,-0.41321257064885863,1.5406021560431618,0.0911580147183372,-0.5150521522380328,0.5331756703747187,0.15779211575684618,-0.5548177847347303,0.6750644639642277,0.030197996886643687,-0.5056339236804559,0.9829818669124948
133,201302,24158,1.645588714260751,-1.8559532707717175,-0.006707278594545942,-0.9924961529313194,0.8002798871895856,-0.8308221202902298,1.0831615585471974,-1.7313159722235765,0.27286613561918993,-1.9684003296025057,-0.41321257064886796,-1.888694170237684,-0.5731418890258635,-0.26406414399371475,-1.0332446898888064,-0.12297319225434339,0.89284962423722,-1.421656482990251,-0.26424921029716353,0.7497500895388511,-1.1297032144212704
134,201303,24159,1.2018280794960492,0.3545010585777804,0.4873624541917927,-1.0166941444105455,-1.0892314707975232,-0.522758361222047,0.6563224697976642,0.7675267164310977,-0.276409851666194,-0.17272212630006606,-0.2751781989881487,-0.0025811907832285754,-0.2146290205665156,-0.17115187676512628,0.004193691996173586,-0.2165616282581938,-0.342316146720565,0.3016758021777543,-0.1538939158608878,-0.37089003809950377,0.306009089855839
135,201304,24160,0.4224506150630287,0.9770094660662699,0.48945956301301524,-1.3101888614973252,-0.42394285896923944,-0.4490863984930442,0.08720368479829081,0.3329453792737584,1.371418110189964,-2.6213742217124807,0.27695928765473626,-0.5741305784966949,-0.869645634773965,-0.7418242365237415,-0.7267039983857335,-1.0276614069572545,-0.42200426097578264,-0.5312681356534056,-0.7163433251304937,-0.5122815101681587,-0.463304802584167
136,201305,24161,0.886972639455267,-0.4136857257478455,-0.25277753183927376,-0.07037921792171942,0.38930816071763624,0.039459706725633634,0.7986021660475101,0.5502360478524272,-0.82568583895158,-0.8256960184100376,0.276959287654737,0.22603856430216868,-0.07178959699653745,-0.38284326017755566,0.44905868043616587,0.3137728424297943,-0.07668909920270578,0.5027312354474393,0.34623560434199707,-0.19517423373108672,0.3869797942147154
137,201306,24162,0.2050393987637675,0.2408877793834805,-0.5724656947482919,-0.5226968487980783,-0.2916515541189401,-0.7269569278196426,0.22948338104813346,-1.0794439664875595,0.27286613561919115,0.15376481975493247,-0.4132125706488626,-0.8599052723534273,0.5099160313877381,0.6997701234464656,0.008536091432261536,0.8441073131176831,0.295188767322209,-0.10043506436139044,0.7166408284006744,0.6145563512300715,-0.006697322891821086
138,201307,24163,0.7834845778586678,-0.1526604207218484,2.7771150493783656,0.5771705815894551,0.3973600397462854,1.541302173900282,1.5100006472967302,-0.7535079636195726,0.547504129261888,0.31700829278242826,0.4149936593154502,0.5118132581588993,-0.07287853358621776,0.36040092071911056,-0.06154459644172262,0.15779211575685329,0.3615955292015862,-0.18660167861984506,0.238238837247601,0.4212944556454694,-0.03973627341457447
139,201308,24164,0.001961194584493799,-0.005981861772455967,-1.925479331480914,0.6569768257419812,-0.40832794492833835,-0.8989462352627818,0.08720368479829435,0.44159071356310514,-1.100323832594269,1.2964691309473955,-0.6892813139702997,-0.40266576218264327,0.1811239843661377,0.12510337907749738,0.24332666288078597,-0.37254235493106747,-0.15637721345803213,0.043175959402605914,-0.16959895324761493,0.3557939925058061,0.10280987798382277
140,201309,24165,-0.6039401156974511,-1.236689898580725,-0.9070441839279226,2.495708348356396,-0.1901461845079773,-0.1584014759329278,-0.1973557077013937,-0.75350796361957,-0.2764098516661991,2.112686496084872,0.4149936593154526,0.34034844184485996,1.0680116832632045,0.6176306460297292,0.7021790076033454,0.9064996037868766,-0.07668909920268766,0.8761198972338768,1.0229672373638974,0.38272787376195044,1.416246326666454
141,201310,24166,-0.1551016817168434,0.6778537615019603,0.27317849870904115,-1.5111257060065069,1.3820155044917073,0.2516470535526161,0.08720368479829789,1.202108053588425,-0.8256858389515809,-2.2948872756574907,0.553028030976178,-0.002581190783220453,0.1189742482213376,0.17778237102424746,-0.41433319014531933,0.5633420051064297,0.24206335781861782,-0.27276829287822785,0.31511549558376567,0.5046469873686865,-0.3836373883228469
142,201311,24167,3.180267709275186,-0.3997449158130124,1.4783957592097448,-0.8730902794069236,-1.5647587019171596,1.5174935395488405,2.5059585210456308,-0.5362172950409001,1.0967801165472706,0.6434952388374097,-0.551246942309586,0.9118978295583311,0.06150166056886135,1.5605445532598878,0.2521263524505423,0.6257342957755203,0.6670666338469908,0.4165646211889651,0.3914372677795877,1.224532460184152,0.2506210231482534
143,201312,24168,-0.3632914495693214,1.5353012427778887,-2.901895475013664,0.3260439395194639,0.7616555909977375,-2.0213683507432023,-0.3396354039512386,0.6588813821417576,-0.8256858389515768,-0.17272212630005795,0.27695928765473504,-0.9170602111247784,0.44437568959392165,0.32193198476405377,0.8363854109065639,0.9064996037868552,0.2819074149463021,0.9910087162450745,0.8510642122575762,0.32156296528258643,0.8788779712516651
144,201401,24169,0.43854688217486687,-1.0419482673635507,0.3618346989026833,-0.1655328167189729,-0.4274771450188039,-0.0032375260708443197,0.9408818622973522,-0.6448626293302341,0.27286613561918677,-0.009478653272569401,0.2769592876547331,0.34034844184485835,1.1778513296153947,3.2501226203938267,2.50250803597429,1.9359723998280858,1.3045715478897284,1.2495085590203143,1.9018116046735332,2.3867631921910424,1.6704836710739277
145,201402,24170,0.9078128128164755,1.733897896901755,0.5197097175291289,0.24166063059748807,-0.2424862076425529,1.2023129053486126,0.9408818622973507,0.8761720507204216,-0.2764098516661932,-2.1316438026299935,-1.241418800613182,-0.8599052723534321,0.8676921975725762,0.9887084524636011,1.2203586225899947,1.218461057132599,0.720192043350576,0.4740090306945721,0.99478698690756,0.9790829019521685,0.4595164012867977
146,201403,24171,-0.5813667001953057,-2.327671259516035,0.7499108040222573,-1.094627616509155,0.4918474073287976,-1.8299429929217743,-0.0550760114515493,-0.9707986321982229,-0.001771858023498585,0.3170082927824219,0.6910624026368959,-0.5169756397253403,-0.3212588499698149,1.0124573608313212,0.3959281806414839,0.6881265864448095,0.6139412243435447,0.014453754649830156,0.6721176793712691,0.7839809576182231,0.21273877580281966
147,201404,24172,-0.3805525904577013,1.2059696734494192,1.010928292867871,0.42183166534945504,-0.3450816432211186,1.072238326012029,-0.4819151002010845,0.7675267164310874,1.6460561038326496,1.1332256579199023,-0.5512469423095917,0.7404330132442811,-0.7300221011583601,-0.8757442967586051,0.04096692177721868,-0.8404845349498267,-0.12981450870629696,-0.15787947386705298,-0.6683731132363187,-0.490562097358028,-0.5476784992917824
148,201405,24173,0.13356004267894617,1.1353543467396865,-1.6684056592244403,0.7044006450782332,1.74501309059619,0.7541215413515419,1.0831615585471963,0.9848173850097645,-1.3749618262369625,0.6434952388374237,0.27695928765474265,1.1976725234150805,0.2687032628785941,0.3433528872028442,-0.5750289334205069,0.09539982508773431,0.17565659593921037,-0.7610457736758207,0.6474190773566801,0.2104424702635998,-1.0539766912675446
149,201406,24174,-0.5942947357313509,-1.794603828716604,-1.5187625752245748,-0.09096490599260718,-1.9835912649285936,-2.0402499176955233,0.22948338104813268,-0.9707986321982237,-1.3749618262369645,-0.1727221263000649,-0.4132125706488645,-1.374299721295552,0.5662286750023942,-0.4583321526999604,-0.19505256981399588,0.4385574237681634,-0.28919073721685906,-0.10043506436134472,0.582053921509606,-0.2532669085140637,-0.16216500529001607
150,201407,24175,-0.5631488996836811,-0.17851698051241197,3.867850655599419,-1.0597975106948692,0.3035637964628136,0.9395671168636973,0.3717630772979771,-0.4275719607515805,4.1177980466168975,-1.64191338354751,0.8290967742976116,0.45465831938755047,0.5604345606643094,-0.197293225069126,-0.4838819223648752,0.22018440642596515,-0.40872290859999055,-0.47382372614788676,0.5303907385799359,-0.34081391859598004,-0.8823757392929682
151,201408,24176,-0.07996263362232335,-0.9196148819017714,-2.2685543836729787,1.228673188518766,1.845130592712334,-0.07882506831667788,0.7986021660475058,-1.1880893007768982,-1.1003238325942784,0.8067387118649011,0.13892491599401258,-0.34551082341131145,-0.7453559727239323,-0.06614801798585036,0.07208119851356781,-0.5909153722731452,-0.28919073721697985,-0.12915726911422823,-0.6058613348945198,-0.23547692473717363,0.027419484621833072
152,201409,24177,-0.29266558393268366,0.049704820817520146,-0.21050528129920665,-1.7064121578892708,-2.321455525914343,-1.2498609154683311,0.3717630772979776,-0.10163595788357202,-1.1003238325942717,-1.9684003296024968,-1.1033844289524641,-1.5457645376095952,0.015545826989997437,-0.26229220878797105,-0.004265135630792038,-0.1853654829235439,-0.30247208959281424,-0.042990654855796465,0.036972505735877764,-0.39455264356705116,-0.06526906785345496
153,201410,24178,-0.16216595650337196,0.163034097683656,1.633652948642802,0.16098832189828563,0.07360482847507642,0.778289786330664,1.225441254797039,0.11565471069509707,1.3714181101899625,0.31700829278242243,-0.2751781989881455,0.6261231357015947,-0.03167225741063778,-0.10639622309875713,-0.5465802967267797,-0.46613079093479376,-0.51497372760704,-0.7897679784286618,0.14482248638365067,-0.36532656729070606,-0.8839952080353498
154,201411,24179,0.7880877988693232,0.48165260527655485,-1.5233636945785933,0.6740415049578722,3.0959700527293013,1.002140370582947,1.0831615585471954,0.7675267164310958,-0.8256858389515804,0.8067387118649078,0.967131145958338,0.8547428907869886,-1.160202973894072,-0.8708255722605048,-0.02138091872091377,-0.9964652616227039,-0.8337261846283576,0.014453754649807297,-1.0644049182024098,-1.0811028815495562,0.048685743652412246
155,201412,24180,-0.27547384776206496,-0.2249797614005983,-1.3145861254734754,-1.012756141514559,-2.8556777523816783,-2.0406728117577053,1.3677209510468826,-0.21028129217290403,-2.473513800807738,-0.662452545382541,-0.5512469423095868,-0.9742151498961258,-0.5949612632403198,-1.7453055869339602,-1.0500412995862929,-0.6533076629422783,-1.2852921654085927,-0.8472123879342459,-0.6522084011728494,-1.7668309639163042,-1.0717319049148193
