,YYYYMM,DATE,34042.0,34050.0,34056.0,34059.0,34099.0,34103.0,33990.0,33999.0,34004.0,34007.0,34098.0,34102.0,50324.0,50333.0,50335.0,50151.0,50157.0,50160.0,50232.0,50239.0,50241.0
1,200202,24026,1180906.9999999984,-567707.0000000035,1003209.9999999998,660011.999999997,-16862.00000000035,678425.9999999912,4.999999999999996,-11.000000000000075,2.999999999999999,5.999999999999979,-8.000000000000027,-17.00000000000012,-1358609.000000082,458593.9999999348,-990076.0000000969,12.999999999998636,27.99999999999858,-12.000000000000568,-13753.740000016987,206325.12999997567,-267934.4200000446
2,200203,24027,162019.00000000163,-665553.9999999972,-1003209.9999999979,-614508.9999999983,-98216.99999999943,-3400377.9999999898,2.000000000000032,-8.999999999999927,-2.9999999999999876,-5.999999999999976,-2.999999999999984,-23.999999999999833,-657673.9999998212,-11923.999999843538,-611108.9999997765,-1.9999999999977263,-2.999999999996703,-8.999999999997499,-121639.4199999515,-32619.239999949,-217882.92999992147
3,200204,24028,1917690.9999999998,190832.99999999953,-1.1059455573558807e-09,195532.00000000052,57487.999999999956,2199524.999999998,13.000000000000014,20.000000000000007,-7.327471962526033e-15,3.0000000000000044,4.000000000000014,37.999999999999986,36835.99999999255,-30048.00000006333,-967473.9999999851,4.547473508864641e-13,-3.0000000000008527,-13.00000000000017,-8540.799999993294,-26087.290000019595,109417.46999999322
4,200205,24029,1023653.0000000006,586641.0000000009,29647.999999999436,1061108.9999999986,-22602.999999999767,760756.9999999986,6.000000000000017,6.0,1.9999999999999936,6.999999999999993,1.9999999999999947,9.99999999999995,1869263.999999836,137031.99999998882,537753.999999851,21.999999999997726,-5.000000000001364,2.9999999999977263,443789.15999994427,-49526.09000001196,69918.41999994218
5,200206,24030,53542.00000000157,-706769.0000000026,-29648.00000000099,-1042547.0000000019,-3350.0000000008877,-2752425.0000000093,1.9999999999999907,-14.000000000000071,-2.000000000000008,-4.000000000000034,-4.000000000000041,-28.000000000000178,-1155305.0000001937,371259.9999997448,619583.9999997914,-20.000000000002956,5.999999999995282,6.999999999996987,-292592.250000054,139983.71999992058,145741.17999990284
6,200207,24031,57353.00000000112,123560.00000000023,37008.99999999977,386335.0000000016,146006.00000000012,696721.0000000042,2.0000000000000293,10.000000000000007,0.9999999999999984,7.000000000000012,7.000000000000011,25.000000000000114,1439591.0000001192,43888.000000052154,-499819.9999999404,25.00000000000125,1.0000000000011937,-3.9999999999986358,668493.8600000329,36383.81000001915,-161126.83999996446
7,200208,24032,312044.99999999965,581658.9999999993,-37008.9999999987,185061.99999999965,-110294.99999999994,874108.9999999965,6.999999999999986,0.9999999999999787,-0.9999999999999925,1.9999999999999734,-3.000000000000023,3.9999999999999076,1113245.9999998957,-335450.00000008754,522117.9999998659,24.99999999999909,-5.000000000001819,8.99999999999892,496670.9299999606,-99519.15000003017,315493.5399999637
8,200209,24033,1000102.9999999991,-953384.9999999991,516423.999999999,-310606.9999999977,176732.0,117222.0000000014,5.999999999999982,-16.999999999999957,1.0,-7.999999999999934,4.000000000000048,-20.99999999999983,777490.0000002384,-281850.99999970384,-1089388.9999996722,8.00000000000341,1.000000000006139,-6.999999999996646,297962.74000007287,-25889.419999901205,-271298.3399998918
9,200210,24034,1144408.0000000005,477015.0000000021,-516423.99999999895,81776.0000000021,-33332.99999999942,153339.0000000107,10.00000000000002,8.000000000000064,-0.9999999999999908,4.000000000000025,-0.9999999999999822,14.000000000000128,1240206.0000001714,633041.0000001956,-588202.9999998063,10.00000000000216,10.000000000003979,-5.999999999997613,113132.30000004545,164928.91000006534,-242903.11999992654
10,200211,24035,123506.99999999712,74086.99999999546,89716.99999999804,-407510.000000005,-198977.00000000122,-1463584.0000000175,0.9999999999999829,-2.000000000000128,4.999999999999976,-4.000000000000067,-8.00000000000005,-18.00000000000032,636715.9999996498,409641.9999997243,904107.9999996722,12.999999999995566,3.9999999999940883,12.999999999996248,184571.07999991626,100020.20999991149,363026.1299998872
11,200212,24036,165826.000000001,-328895.9999999964,-89716.99999999741,433303.00000000256,28966.00000000163,85975.0000000135,3.0000000000000187,2.0000000000001066,-4.999999999999971,-0.999999999999976,7.000000000000053,5.000000000000263,-827172.9999997988,723859.0000002757,-765541.9999997541,-19.999999999997385,17.0000000000054,2.9558577807620168e-12,-287256.2299999278,228153.29000008106,-120766.67999990657
12,200301,24037,1.3533281162381172e-09,492526.99999999907,-1.8953869584947824e-09,116917.99999999942,259196.99999999942,702815.9999999965,3.774758283725532e-15,1.999999999999929,-1.787459069646502e-14,5.000000000000007,0.999999999999984,4.999999999999936,764804.9999999553,-348677.0000002291,2522028.9999998733,25.999999999998863,-6.00000000000415,24.999999999998522,229332.23999997787,-123148.77000006475,714110.2499999609
13,200302,24038,169977.0000000014,-403444.99999999895,2.6902853278443217e-09,-440775.9999999984,-263536.00000000035,-937779.999999997,2.999999999999988,-2.9999999999999503,3.164135620181696e-14,-6.999999999999991,-7.000000000000012,-13.999999999999957,3641963.9999999553,354762.0000000503,760086.0000000075,43.99999999999977,57.00000000000068,4.999999999999773,903750.4199999869,277108.23000000697,252051.3399999831
14,200303,24039,167916.00000000244,-197520.00000000146,239753.99999999814,-133697.00000000218,62283.999999999796,-31240.000000005122,2.9999999999999925,-7.000000000000018,1.999999999999976,1.9999999999999813,-1.865174681370263e-14,-3.0000000000001137,534447.9999998435,475662.9999998193,3771857.9999997616,4.999999999997613,9.999999999996191,43.99999999999761,301920.81999993697,144752.59999994282,1315188.5999999307
15,200304,24040,37606.00000000185,434000.0000000004,-230794.99999999884,423039.99999999953,-79725.99999999933,416209.0000000049,2.000000000000016,13.000000000000053,1.8207657603852567e-14,1.1546319456101628e-14,1.0000000000000346,13.000000000000128,920219.000000067,514094.0000001136,2058155.000000082,15.000000000000568,11.000000000001933,21.00000000000091,148880.6800000146,150794.0100000333,502313.1200000122
16,200305,24041,1541096.0000000014,-285477.0000000013,99266.99999999824,2415860.0000000023,304345.9999999999,4037486.0000000005,14.000000000000021,-1.000000000000071,1.999999999999973,8.99999999999998,9.999999999999988,31.999999999999893,1382317.9999999776,320251.99999987707,334336.9999999255,30.999999999999773,-2.000000000002217,16.99999999999909,520702.6699999906,114644.02999996208,481736.7299999781
17,200306,24042,529198.9999999992,-155051.0000000004,-104841.99999999921,-1674978.000000003,-239026.00000000012,-3185794.0000000065,4.999999999999993,-8.999999999999993,-2.9999999999999947,-8.999999999999998,-8.999999999999996,-39.000000000000014,2504635.000000067,1685090.0000002198,1736616.0000000969,10.000000000001023,19.000000000003865,28.000000000001137,448397.83000001125,412083.0600000629,875294.3000000454
18,200307,24043,687272.9999999999,430495.0000000011,31670.00000000134,310257.00000000047,118083.99999999967,1048580.0000000028,6.000000000000016,13.000000000000014,3.0000000000000058,16.0,-0.9999999999999982,32.00000000000007,2607250.000000067,956707.9999999851,2828648.0000001043,36.00000000000125,11.000000000000682,23.000000000001364,593504.4500000309,255735.95000000112,557153.2400000356
19,200308,24044,-1.949956640601158e-09,999493.0000000006,519996.99999999884,-1222484.0000000005,91202.9999999998,-299064.00000000047,-1.5987211554602254e-14,-2.000000000000025,-3.0000000000000013,-19.000000000000007,1.9999999999999725,-28.00000000000007,3401257.999999836,1893215.9999999106,3479257.9999998137,46.99999999999784,29.999999999997726,47.999999999998295,1193563.6399999633,524594.1899999706,1528463.8599999398
20,200309,24045,661752.0000000013,-1525157.0000000014,-510898.00000000105,7509.999999998778,-275152.0000000003,-1641945.0000000051,4.999999999999989,-15.000000000000025,0.9999999999999882,6.999999999999977,-1.0000000000000204,-3.0000000000001137,-146285.0000000447,561034.9999998324,449389.9999999106,3.999999999998863,17.999999999996703,7.999999999998863,238498.08999998868,187927.84999995306,261265.20999996737
21,200310,24046,334440.0000000008,113067.00000000146,-25588.99999999884,554203.0000000007,150201.00000000064,464570.0000000035,6.999999999999975,4.000000000000046,1.0000000000000064,1.0000000000000213,4.000000000000043,12.0000000000001,388641.0000002235,414291.00000019744,1168507.000000216,7.000000000003297,9.000000000004093,27.000000000002615,13741.99000006169,62749.1100000646,834695.5200000778
22,200311,24047,21148.00000000086,-317723.0000000001,33342.000000000204,-521851.99999999756,-132802.00000000035,-1252326.999999998,0.9999999999999925,-11.0,9.769962616701378e-15,-1.9999999999999734,-7.000000000000003,-25.999999999999957,3536106.00000003,1814751.0000001565,1622987.0000001714,52.000000000000796,34.00000000000284,26.00000000000091,1036685.3600000367,537524.6800000407,972947.9300000407
23,200312,24048,33120.00000000159,328307.0000000005,160777.99999999895,415649.9999999985,80397.00000000006,997103.9999999974,1.9999999999999805,6.999999999999998,-7.993605777301127e-15,6.999999999999973,3.9999999999999796,18.999999999999908,390511.9999996722,1450239.99999962,2067803.9999995753,9.999999999995453,18.999999999991473,23.99999999999534,190478.19999988377,418269.03999987245,934208.5199998617
24,200401,24049,137252.99999999904,-301568.0000000001,-212683.99999999907,-492202.9999999979,74587.00000000081,-827734.9999999929,3.0000000000000293,-5.999999999999956,-2.999999999999995,-7.999999999999975,3.0000000000000338,-12.999999999999822,5264323.000000402,1322906.00000038,1653713.0000004247,61.000000000005684,27.000000000008754,29.00000000000557,1246287.8800000958,444012.5000001341,698733.4100001678
25,200402,24050,260266.00000000175,-73127.99999999955,44812.99999999981,226175.00000000023,-216057.00000000026,104815.99999999825,4.000000000000001,-2.000000000000014,3.0000000000000036,7.105427357601002e-15,-8.000000000000004,-6.0000000000000355,297026.9999998659,1673630.9999999255,1927725.9999998957,14.999999999998522,127.99999999999818,37.999999999997954,159518.699999962,1029405.2999999765,1033942.7199999578
26,200403,24051,1185368.9999999988,68438.99999999946,-28968.99999999966,-328501.0000000015,-7444.000000000056,628627.9999999967,12.000000000000012,0.999999999999984,-1.999999999999998,-0.9999999999999982,-7.105427357601002e-15,6.0,1300928.999999851,180841.99999991432,1823414.9999998212,4.999999999997499,6.999999999997499,19.999999999997726,128756.16999995708,97743.63999995962,748594.9999999404
27,200404,24052,1001729.0000000007,46932.000000001164,-10203.999999999818,-214003.99999999773,53018.00000000063,-307897.99999999395,17.00000000000003,7.000000000000016,8.881784197001252e-16,-4.999999999999995,6.000000000000032,13.000000000000064,2470663.000000134,1339603.000000026,950086.0000001043,21.00000000000182,8.00000000000091,27.00000000000159,492903.5100000538,186053.79000000842,969811.7000000365
28,200405,24053,806490.0,-30385.000000001513,12044.999999999894,-78006.00000000207,24525.999999999367,-267059.0000000056,8.999999999999993,-1.0000000000000178,-3.774758283725532e-15,-3.000000000000031,-2.000000000000031,-14.000000000000114,3104131.99999997,2416868.0000001006,1240013.0000000298,27.999999999999318,39.00000000000216,14.000000000000455,812158.549999997,817977.5500000287,588229.4699999876
29,200406,24054,732881.0000000016,-83728.99999999971,-17684.999999999825,48624.000000000124,-80177.0000000004,-206576.0,9.999999999999984,-7.000000000000029,-0.9999999999999982,2.999999999999999,-5.000000000000004,-9.00000000000005,-192392.0000001639,523005.99999977276,600104.9999997765,-2.0000000000020464,6.999999999995225,17.999999999997726,-112453.85000005364,195323.9999999348,1036811.1199999452
30,200407,24055,366927.9999999993,85864.00000000125,82640.99999999977,135285.00000000032,13852.000000000477,-48310.99999999895,6.999999999999984,5.595524044110789e-14,2.0,4.000000000000023,-3.1086244689504383e-15,3.0000000000000675,94654.0000000447,616694.0000001788,611482.0000001639,6.0000000000009095,29.000000000003524,3.000000000001478,64691.710000015795,427028.34000005946,103996.99000002444
31,200408,24056,164723.00000000058,-86870.00000000178,-64591.000000000364,-155462.99999999965,20819.000000000196,-488310.00000000047,4.000000000000002,2.9999999999999876,-1.0000000000000058,-5.000000000000006,3.000000000000004,-2.9999999999999893,3140034.0000002533,1503424.0000001118,-380566.9999998063,29.000000000003183,40.00000000000364,13.000000000002728,732694.7100000754,516430.90000005066,-11892.52999990806
32,200409,24057,387116.00000000105,-44415.99999999901,-18049.999999999753,-13089.99999999997,39472.99999999939,186310.00000000186,7.000000000000002,-4.000000000000026,-1.0000000000000002,-1.0000000000000089,0.999999999999992,-2.000000000000039,-291682.0000002384,-425378.00000016764,1042339.9999997467,-3.637978807091713e-12,0.9999999999954525,22.999999999996476,246256.15999990702,-13698.410000063479,573928.1499999091
33,200410,24058,234755.99999999974,2351.999999999447,6827.999999999065,34272.99999999892,-59509.00000000024,-168416.00000000378,3.9999999999999956,-2.000000000000006,0.9999999999999889,2.9999999999999902,-1.9999999999999956,-3.000000000000032,420491.0000000745,362811.0000000857,2168471.0000000745,-11.99999999999909,9.000000000002501,30.00000000000125,102773.16000002995,192856.2200000342,1664824.420000039
34,200411,24059,220234.00000000122,-74446.00000000035,54133.00000000011,-34442.00000000032,-10196.000000000195,-79473.0000000011,4.999999999999993,-3.00000000000001,1.176836406102666e-14,-3.00000000000001,-2.0000000000000355,-7.000000000000046,2017817.9999999255,682247.9999997914,-47291.000000178814,42.99999999999886,19.99999999999602,3.999999999998522,730792.2199999802,248805.00999993458,169591.10999994352
35,200412,24060,377923.0000000018,185453.0000000017,-24006.999999999854,40926.99999999927,32500.000000000597,392562.00000000314,5.000000000000001,9.000000000000028,-9.103828801926284e-15,1.000000000000008,3.175237850427948e-14,10.000000000000089,614553.9999999255,1059719.0000000298,-32890.9999999702,12.999999999999545,7.999999999999545,22.999999999999773,592453.9399999939,297246.0199999921,327321.68999999017
36,200501,24061,221884.00000000076,-144857.0000000015,-36953.99999999959,-25012.99999999858,52576.999999999825,-310286.0000000007,3.9999999999999893,-4.000000000000026,-0.999999999999992,-1.0000000000000133,18.999999999999993,11.99999999999995,2146874.000000134,707479.0000000149,989760.0000000745,19.000000000001364,24.000000000001023,16.000000000001137,510895.10000002757,364927.8100000154,525534.820000045
37,200502,24062,587152.9999999994,119860.00000000087,2.262368070660159e-10,3848.000000000691,-60765.99999999943,428211.00000000326,10.000000000000028,1.0000000000000329,1.1712852909795402e-14,1.0000000000000189,-15.999999999999964,-7.999999999999872,10444544.000000104,1864909.0000002533,-456613.9999997467,189.00000000000182,148.00000000000432,21.000000000002274,3130324.360000048,1193804.7000000682,211224.34000006318
38,200503,24063,658184.0000000007,113580.99999999863,-9.41838607104728e-10,8802.999999999694,13875.999999999422,207290.99999999464,5.999999999999986,0.9999999999999343,-1.1025902413308586e-14,1.021405182655144e-14,-1.0000000000000386,-4.000000000000167,-238313.00000025332,948810.9999996275,1306737.9999996126,-1.0000000000045475,29.999999999992724,28.999999999995453,-62374.520000092685,437094.139999887,986274.509999834
39,200504,24064,253832.00000000067,-37771.99999999959,6.104983185650781e-10,-11422.999999999458,38029.999999999796,-415516.9999999987,5.999999999999981,-0.9999999999999671,2.213507155346406e-15,-0.9999999999999947,-1.999999999999999,-3.9999999999999574,-851351.0,708713.0000002012,574415.0000001043,-0.9999999999986358,22.000000000003183,29.000000000002046,-145071.0099999793,364903.92000005394,732847.5200000703
40,200505,24065,385633.99999999854,-175316.99999999994,9.62870672083227e-10,-32329.00000000025,-82153.99999999965,-157997.99999999802,4.9999999999999964,-3.999999999999985,1.164346397075633e-14,-1.0000000000000058,-2.220446049250313e-15,-5.999999999999968,-1041984.9999999404,93193.00000002235,800745.0000000894,1.3642420526593924e-12,42.00000000000068,19.000000000000682,-179440.20999997482,346003.3700000178,314261.9000000432
41,200506,24066,112415.9999999984,-13514.00000000024,43714.9999999989,79134.00000000073,31414.00000000077,-132468.9999999985,2.0000000000000235,1.0000000000000124,1.9999999999999931,3.0000000000000226,3.0000000000000426,6.0000000000000995,-319445.9999998361,1044571.0000001043,3038338.0000000745,14.000000000001592,27.000000000002274,26.00000000000182,324143.61000002176,517954.7700000275,1035427.6700000614
42,200507,24067,489241.00000000047,-51616.00000000021,-43715.00000000003,-79134.00000000041,-19213.000000001048,183146.99999999604,4.999999999999987,-4.000000000000026,-2.0000000000000053,-3.00000000000003,-2.0000000000000293,-8.000000000000117,1030866.9999998659,446295.99999976903,-272150.0000002384,14.999999999997726,10.999999999995907,17.999999999997726,375781.09999996796,164928.50999993458,84292.69999990612
43,200508,24068,165632.99999999988,6525.000000000504,1.0250005288980901e-09,113448.99999999984,3673.0000000003347,-199960.99999999878,3.999999999999986,1.0000000000000115,-1.2212453270876722e-15,3.000000000000001,8.43769498715119e-15,3.0000000000000124,-1079618.9999999553,1539174.000000216,919957.0000002235,6.000000000001137,57.00000000000318,-8.99999999999909,63631.020000021905,672431.9600000624,45437.47000002861
44,200509,24069,258347.00000000084,5004.000000000484,36312.999999999796,-97313.0000000008,-6344.9999999996235,30373.000000001106,6.999999999999976,-6.8833827526759706e-15,1.000000000000004,-1.9999999999999984,1.2878587085651816e-14,2.0000000000000053,-649931.0000000298,255248.0000000447,187826.9999999851,-6.000000000000455,6.0,5.9999999999990905,-10598.22000002116,68610.83999999613,925445.5399999842
45,200510,24070,113570.99999999972,-15263.000000000953,-36313.00000000006,-16136.000000000102,14737.99999999943,-197750.00000000116,1.9999999999999847,-2.0000000000000195,-1.0000000000000109,-1.0000000000000135,-1.0000000000000353,-10.00000000000007,-2207606.0000001043,1008767.9999996945,-1054919.000000313,-18.000000000002046,6.999999999993179,-3.000000000002501,-375553.46000003815,216053.82999989763,-156394.96000009775
46,200511,24071,351339.00000000047,5170.0000000012315,2.9604052542708814e-10,37755.99999999977,-25312.000000000164,255382.0000000039,8.000000000000014,1.0000000000000302,9.353628982466944e-15,2.000000000000014,-1.999999999999971,7.00000000000011,-949437.9999998212,-344215.99999984354,-177499.99999974668,-16.999999999997954,-12.999999999994998,1.0000000000027285,-350801.8199999556,-157616.57999991626,108061.62000007927
47,200512,24072,269458.9999999987,137594.99999999828,16524.999999998716,-1091.0000000010114,9384.000000000262,80532.99999999272,8.999999999999991,2.9999999999999605,1.9999999999999893,-1.0000000000000104,3.999999999999986,8.999999999999885,-786232.0000000447,1097701.9999999627,-1660770.9999999553,-17.00000000000091,36.999999999999545,-12.000000000000455,-87919.86000000685,735193.2399999909,-473800.31999997795
48,200601,24073,154821.99999999718,-142764.99999999907,-16525.000000001135,-3911.9999999992724,69890.99999999977,-207947.99999999837,7.000000000000008,-4.000000000000007,-2.000000000000009,0.999999999999998,7.000000000000004,1.0658141036401503e-14,2183289.000000119,2668763.0000000224,-1617185.9999999404,18.000000000002046,53.00000000000182,-16.999999999998636,345537.40000003576,893919.4100000113,-425597.39999997616
49,200602,24074,331995.00000000076,3167.0000000015334,2.0716015569632873e-09,19317.00000000056,11179.000000000218,210836.00000000442,10.000000000000004,1.0000000000000695,2.4091839634365897e-14,-0.9999999999999833,-7.000000000000005,-3.99999999999989,4829457.99999994,3551058.000000082,1317977.9999999106,76.99999999999977,247.00000000000182,28.999999999999545,1212467.3999999538,2235742.9400000162,401588.6799999699
50,200603,24075,708802.9999999971,156851.9999999991,-8.224105840781704e-10,-6816.000000000058,-45512.99999999993,481330.99999999825,15.999999999999995,6.999999999999975,-1.2947976024690888e-14,0.9999999999999905,-0.9999999999999902,12.999999999999957,36589.99999991059,2664421.9999998584,1399360.999999866,-3.0000000000013642,22.99999999999659,16.999999999999773,-59626.16000000015,513755.0499999635,610122.2299999744
51,200604,24076,724761.9999999995,-55779.000000000204,7.354969966399949e-10,-29898.000000000113,-41131.000000000175,-110849.0,11.99999999999999,-2.9999999999999973,9.867107131356079e-15,-1.0000000000000024,-1.000000000000017,-9.000000000000018,4225770.999999911,6352029.999999911,7621838.999999881,17.999999999997954,88.99999999999841,73.99999999999727,701601.5999999866,1647254.1999999657,2842082.6699999794
52,200605,24077,708868.9999999987,-12040.000000001906,-9.137579581874888e-10,-15356.000000001668,-1804.000000000381,-45093.00000000687,8.999999999999982,0.9999999999999591,-1.1948775302528247e-14,-1.0000000000000093,-1.000000000000012,-4.000000000000082,420948.0000000745,1748527.9999999925,3561242.0000001043,12.000000000001592,72.00000000000068,37.00000000000114,195620.74000000954,780483.4899999946,1137226.7900000438
53,200606,24078,248811.99999999808,-11479.999999997453,83582.00000000186,2.314330060926295e-09,12824.000000000278,-375130.9999999901,12.000000000000007,-1.999999999999928,2.0000000000000164,4.238276396506535e-14,5.000000000000049,8.00000000000021,763238.9999999851,2514698.0000001267,-1157836.999999866,-6.999999999999545,21.0,-4.999999999999773,181466.1299999915,528292.8700000271,-381918.3600000143
54,200607,24079,217005.99999999994,-24598.000000000226,-16313.000000001164,26762.99999999802,9796.000000000284,-36158.000000005355,7.99999999999997,-2.0000000000000457,0.9999999999999893,0.9999999999999648,-4.000000000000021,-8.000000000000139,1046352.9999999553,1680885.0000000596,3396563.99999997,17.999999999999545,22.000000000000227,23.0,416983.26999999955,582312.4400000013,1223280.7699999958
55,200608,24080,223046.99999999808,117767.99999999674,-67269.00000000032,-26763.00000000069,-2916.000000000553,26860.99999999418,6.9999999999999645,3.9999999999999063,-3.0000000000000093,-1.0000000000000349,2.9999999999999627,1.9999999999998117,1183231.9999998957,7754664.999999508,1200709.9999996424,36.99999999999818,128.9999999999916,31.99999999999727,550820.5499999635,2247640.929999873,433487.2999999225
56,200609,24081,322367.00000000047,-119517.99999999691,19900.000000000895,1.4867964637232944e-09,47600.00000000064,47302.000000007916,9.999999999999984,-1.9999999999999334,1.0000000000000067,2.5278390491934033e-14,2.000000000000006,4.000000000000121,-2242330.9999999553,5062540.000000089,4365943.00000003,-25.999999999999773,47.000000000002274,36.000000000000455,-495951.1300000027,1163745.4300000332,1069191.159999989
57,200610,24082,179965.9999999987,-43319.99999999898,-19899.999999999072,30507.000000001808,-45985.9999999995,-221099.99999999366,7.000000000000032,-0.9999999999999014,-0.9999999999999762,2.0000000000000444,-1.9999999999999272,-4.999999999999716,2225136.000000328,2738642.00000076,4046589.000000611,25.00000000000523,39.0000000000141,34.000000000006594,435883.48000011593,712519.6400002129,1330246.830000177
58,200611,24083,476985.00000000023,75696.99999999735,-2.7098394639324397e-09,45985.99999999746,2607.999999999116,421309.99999998877,16.99999999999999,3.9999999999998748,-2.8504976157250894e-14,-5.595524044110789e-14,-4.973799150320701e-14,13.999999999999702,1374380.999999836,3265571.999999553,595414.9999996722,8.999999999996817,96.99999999999272,11.999999999996135,550219.5999999419,1374066.3599998765,9801.329999916255
59,200612,24084,389314.0000000023,51578.999999999025,6095.000000000233,-76493.00000000045,12875.999999999582,-93614.00000000244,11.999999999999984,0.9999999999999911,0.9999999999999931,-2.000000000000028,12.99999999999997,7.999999999999922,3138109.999999881,3620735.999999717,2072972.999999836,9.999999999997726,41.99999999999727,9.999999999997499,362447.11999997497,1001314.9099999443,298368.429999955
60,200701,24085,398957.9999999988,56365.00000000393,184405.0000000015,436134.00000000244,40382.00000000096,726930.0000000114,12.000000000000023,3.0000000000001403,3.000000000000026,6.0000000000000675,-3.9999999999999325,8.000000000000341,4402347.000000402,5482957.00000076,5005432.000000566,79.00000000000705,166.00000000001546,34.00000000000796,1335928.720000133,2036954.6400002204,884756.9100002125
61,200702,24086,560003.0000000009,20651.999999996857,-127367.0000000007,-411717.0000000001,-48942.00000000042,-406329.0000000051,12.0,-6.572520305780927e-14,-3.0000000000000013,-5.000000000000016,-11.000000000000044,-19.000000000000146,345086.9999997914,5571682.999999553,-760481.0000003576,30.9999999999975,236.99999999998863,13.999999999996135,258295.3299999237,2520389.859999858,-236211.25000009686
62,200703,24087,145217.00000000102,-148026.99999999825,118960.99999999965,-24416.999999999287,18302.00000000025,-449966.9999999956,5.000000000000021,-5.000000000000009,3.999999999999989,-0.9999999999999871,2.6645352591003757e-14,-8.999999999999954,-671249.9999999553,6898081.000000104,1286082.0000000745,-5.000000000000227,120.0,18.0,-134420.9699999988,2000618.4100000113,928618.2100000009
63,200704,24088,293016.0000000004,191049.99999999735,-155199.99999999898,-1.4651959645561874e-09,-38952.00000000099,144696.99999999278,8.000000000000004,3.999999999999984,-2.9999999999999964,-1.049160758270773e-14,-3.5083047578154947e-14,3.9999999999999254,1168875.9999998957,5330502.999999851,5313198.999999836,12.99999999999909,62.99999999999636,74.99999999999886,240013.4699999839,1445361.5599999204,1817626.3199999556
64,200705,24089,280058.00000000163,35187.000000001135,-26894.00000000039,48503.00000000094,917.0000000016207,44755.00000000547,8.000000000000016,1.9999999999999982,-1.999999999999989,2.0000000000000075,4.00000000000006,6.000000000000082,1386867.000000298,6132851.000000566,6147280.000000507,30.00000000000432,98.00000000001319,81.00000000000546,473949.5600000918,1687401.2900002003,2107279.770000145
65,200706,24090,149642.99999999997,-226365.99999999767,2.8830982046201825e-10,14026.999999999192,232505.99999999965,-110248.0,7.000000000000001,-6.999999999999942,-1.086630785351872e-14,-1.1102230246251565e-14,5.999999999999974,-2.0,2025607.999999836,10551028.999999642,9225475.999999821,10.999999999997499,140.9999999999941,124.99999999999704,470925.57999996096,2853194.3899998963,2928137.829999909
66,200707,24091,189513.9999999975,-53734.00000000294,-8.090523806458805e-10,-46129.00000000204,-231556.0000000011,-291548.00000000943,7.999999999999954,-1.000000000000103,-9.443834603217738e-15,-1.0000000000000357,-9.00000000000006,-10.000000000000263,1096086.9999997616,6168454.999999657,6904370.999999672,23.99999999999659,127.99999999999363,57.99999999999682,256618.83999991417,2078606.4899998978,2052220.7099998817
67,200708,24092,257577.00000000055,15204.000000003874,1.1889937923115212e-09,-16400.999999997806,44606.000000000466,111472.00000000995,7.999999999999994,-0.9999999999998863,1.4384327062799684e-14,-0.9999999999999393,-0.999999999999944,-2.99999999999973,750838.0000002533,6002174.000000328,7094161.000000298,31.000000000003638,173.00000000000773,85.00000000000318,168924.2100000754,2415905.870000124,2651363.3600001186
68,200709,24093,151487.99999999773,-8389.000000001957,-5.816218617837876e-10,-1.841954144765623e-09,-33918.999999998545,-148397.00000000233,6.000000000000007,1.9999999999999805,8.271161533457416e-15,-3.315403507286874e-14,-0.9999999999999769,-0.9999999999999964,747504.9999998808,9104248.99999997,8848410.00000003,7.999999999998636,109.99999999999727,77.99999999999795,359114.69999999553,2215770.879999973,2904821.3199999705
69,200710,24094,151347.00000000015,16769.999999999927,84376.99999999946,2.683385957880091e-09,77529.99999999869,178536.00000000058,4.999999999999986,-2.0000000000000404,3.9999999999999702,2.7384344791769877e-14,4.999999999999968,5.999999999999911,-176669.00000020862,6962824.999999642,7243301.999999672,-1.00000000000432,104.99999999999181,74.99999999999545,-35765.51000007242,1795421.0499998704,2096878.4799998403
70,200711,24095,37857.000000000124,74945.99999999766,9551.99999999965,-1.6285994774989376e-09,-42781.99999999972,-71774.00000000343,2.999999999999986,8.999999999999957,-1.9999999999999971,-2.93272350848639e-14,-2.0000000000000178,2.9999999999999076,2834378.9999998957,8589027.999999762,4696474.999999613,31.999999999998863,92.99999999999591,32.99999999999818,756901.6599999517,2099432.839999929,738713.219999969
71,200712,24096,4428.999999997623,-19371.000000001048,-87966.99999999964,18810.000000000728,-30656.00000000054,-152612.0000000018,0.9999999999999967,-5.0000000000000595,-0.9999999999999977,0.9999999999999996,-1.3322676295501878e-14,-7.000000000000064,-959320.0000000894,5570151.99999994,6621352.99999994,-12.000000000001364,82.99999999999864,61.99999999999818,-276514.7400000319,1570925.9099999964,1624288.2099999636
72,200801,24097,163597.99999999662,1901.000000004191,81031.00000000244,-8882.999999999354,109899.00000000065,343117.0000000121,3.0000000000000253,-3.9999999999998845,2.275957200481571e-14,2.1649348980190553e-14,2.0000000000000355,2.255973186038318e-13,9101017.000000238,7356291.000000298,3045379.000000447,112.00000000000455,170.00000000000637,50.00000000000455,2110609.1100000814,2465678.790000096,676951.9300001264
73,200802,24098,592751.9999999978,-50121.99999999994,-13163.0000000023,-9926.999999998623,-127442.9999999994,228498.99999999878,11.000000000000039,4.000000000000043,0.9999999999999978,-0.999999999999964,-3.9999999999999543,8.000000000000137,2729629.0000003725,8110657.000000566,7229449.000000447,51.00000000000432,292.0000000000109,50.00000000000637,704937.8900000751,3175262.760000162,1641205.7400001585
74,200803,24099,874164.9999999976,25836.99999999923,-73830.00000000006,-1.8379751054453664e-09,15865.99999999984,249285.9999999965,11.000000000000025,-3.999999999999973,-1.9999999999999938,-3.569367024169878e-14,0.9999999999999658,-5.000000000000064,942200.9999999851,2457624.00000003,4287448.00000003,16.000000000000682,42.99999999999909,41.000000000000455,325848.3700000271,686733.6799999774,1203661.0400000215
75,200804,24100,383533.0000000009,-1507.999999999869,44837.00000000038,-9.819132174015976e-10,-5391.000000001513,-452694.00000000297,12.000000000000004,1.999999999999917,1.9999999999999822,-2.763761441926249e-14,1.9999999999999458,6.999999999999801,1411109.9999996722,2667348.999999374,2736348.9999994934,29.999999999994998,35.999999999989996,10.999999999994543,358533.99999991804,708180.8699998409,51381.4399998337
76,200805,24101,354514.00000000134,10614.000000000175,108903.99999999895,27358.00000000028,46276.000000000444,164932.99999999808,14.999999999999975,4.000000000000016,-0.9999999999999987,0.9999999999999943,3.552713678800501e-15,7.999999999999986,4175254.9999999404,9232844.999999821,3775997.9999999106,61.999999999998636,93.99999999999636,-6.0000000000009095,966734.650000006,2184398.569999963,-27257.92000004649
77,200806,24102,236113.99999999933,51068.00000000048,-153740.99999999785,-25802.000000001026,-11782.000000000065,-259457.00000000093,6.999999999999972,-1.0000000000000018,-0.9999999999999961,1.887379141862766e-15,2.000000000000006,-8.99999999999999,1239233.9999999702,2625813.0000000596,6084542.99999994,-3.000000000001137,33.00000000000091,23.0,21156.72999995947,505833.81000000983,596761.8400000036
78,200807,24103,487358.9999999972,304998.99999999965,-2.4683686206117272e-09,87411.00000000079,254895.00000000035,898549.999999999,6.999999999999976,23.00000000000002,-1.7277845820729e-14,1.0000000000000029,-1.9999999999999885,22.000000000000032,-1099423.999999702,4465270.000000328,9071103.000000358,-12.99999999999568,79.00000000000728,83.00000000000455,-377416.7699999288,1296680.0900001153,2495545.7900001258
79,200808,24104,251007.9999999995,-343122.9999999978,3.1377567211166024e-10,-88967.00000000026,-147958.99999999948,-816399.9999999963,8.999999999999966,-25.999999999999964,3.400058012914542e-16,-1.9999999999999856,-1.9999999999999778,-27.99999999999994,-325702.000000149,12351566.99999997,2241545.999999851,8.99999999999909,89.99999999999909,10.999999999998181,-161733.36000003666,2256101.549999967,-210470.1700000465
80,200809,24105,129213.99999999978,86719.99999999888,1630.000000001438,3.4015101846307516e-10,-83629.00000000077,-117072.99999999691,8.000000000000028,1.9999999999999742,1.000000000000011,9.270362255620057e-15,1.0,3.000000000000039,-331932.9999998808,7098782.00000003,3139637.000000119,-12.999999999998863,15.000000000003638,-2.9999999999986358,-204058.90999994427,990395.9200000465,230346.88000006974
81,200810,24106,906224.9999999981,198207.99999999735,3854.9999999996735,193520.99999999988,-71695.0000000005,1100899.9999999935,18.999999999999975,10.999999999999915,-6.5503158452884236e-15,2.9999999999999827,-1.0000000000000355,23.999999999999837,1774201.9999996722,2391496.9999994934,-875348.0000003874,7.99999999999568,3.9999999999881766,-18.000000000004547,194453.95999988168,419150.06999984384,-962139.7100001723
82,200811,24107,1663648.0000000014,162420.99999999825,147088.99999999898,224109.9999999979,1640.9999999991587,1292683.9999999928,19.99999999999995,0.9999999999999432,3.9999999999999853,1.999999999999949,-2.000000000000027,5.999999999999808,-2032103.9999999106,-1679749.9999999106,-3864523.9999999404,-25.999999999998636,-34.00000000000091,-44.99999999999818,-701591.0299999639,-507409.6399999857,-1290146.9799999744
83,200812,24108,1543456.000000001,802008.0000000015,-69551.00000000004,152290.00000000256,381744.0000000015,1146299.000000012,32.00000000000002,29.00000000000008,-1.9999999999999738,14.000000000000068,7.00000000000005,60.00000000000031,-2782530.999999687,-2478810.999999583,-1572496.999999553,-35.99999999999636,-75.99999999998818,-25.999999999996817,-836488.0399999097,-1025622.7399998456,-892225.9599998742
84,200901,24109,891214.9999999967,119457.0000000007,134958.00000000116,39541.99999999965,-245952.99999999927,-604236.9999999995,17.000000000000018,1.000000000000007,2.999999999999998,-3.0,6.000000000000034,-7.999999999999986,-2230037.9999999404,-1782614.9999997318,-2765688.9999997914,-36.999999999998636,-74.99999999999454,-37.99999999999727,-889160.9999999925,-785012.3799999207,-1391690.9899999425
85,200902,24110,704550.9999999988,-549416.0000000014,201642.99999999872,44740.99999999965,187736.99999999898,-301959.0000000056,16.99999999999999,-9.000000000000043,7.9999999999999805,3.9999999999999716,-4.00000000000003,-1.0000000000001137,-834330.0000001788,859572.9999997616,-6717485.000000417,9.999999999997044,189.9999999999909,-53.00000000000364,-217053.33000006527,1021524.0999998748,-1612416.7600000873
86,200903,24111,911604.9999999988,-170215.99999999837,-146634.99999999942,-277328.00000000076,-132040.99999999977,-519166.00000000047,22.99999999999995,-4.999999999999957,-5.0,-2.0000000000000107,-1.0000000000000036,-6.999999999999986,-2126570.000000015,-1484397.0000002086,-1804207.9999999702,-36.000000000000455,-41.00000000000273,-29.000000000000455,-722597.2199999914,-593926.6800000519,-927223.6400000155
87,200904,24112,1276614.0,27934.000000001863,25335.00000000099,76073.0000000032,460074.0000000002,954425.0000000093,19.000000000000007,3.0000000000000497,5.000000000000025,9.000000000000036,11.99999999999999,25.000000000000128,-2236735.000000015,-1794120.9999997914,-4651622.000000089,-34.00000000000068,-78.99999999999909,-60.000000000001364,-931582.3899999931,-795828.8499999493,-1795718.1499999985
88,200905,24113,218087.99999999965,143333.99999999627,412324.99999999744,333746.9999999965,-567142.0000000003,-736262.0000000149,7.999999999999977,-9.000000000000078,-2.000000000000032,-7.000000000000082,-16.000000000000007,-45.00000000000023,-3069719.000000134,-3439755.0000002086,-3938631.000000149,-48.000000000001364,-80.00000000000364,-54.00000000000273,-858411.220000051,-1225679.3000001162,-1501307.6300000623
89,200906,24114,208383.00000000128,-205644.9999999993,-362133.99999999866,-196692.99999999942,271379.00000000006,-502797.9999999949,4.999999999999979,3.000000000000007,-5.999999999999987,-0.9999999999999858,21.999999999999986,15.0,-996897.0000001937,-3982314.000000328,-3899249.000000119,-20.000000000001364,-92.00000000000364,-44.00000000000182,-381283.07000002265,-1326125.4000000656,-1226514.2300000563
90,200907,24115,419827.9999999991,-44391.000000002095,-283793.0000000023,-131676.0000000018,81590.99999999831,-166824.00000001164,12.999999999999918,-9.947598300641403e-14,-4.0000000000000195,-4.263256414560601e-14,-1.0000000000000604,2.9999999999996874,-2437095.000000134,-683064.0000004768,-5154176.000000328,-39.000000000002274,-52.000000000008185,-51.000000000002274,-731325.660000056,-568686.4400000796,-1455658.8500001132
91,200908,24116,1030049.0000000001,-134771.99999999919,-14427.999999999185,146372.00000000157,25360.000000001106,632753.0000000088,16.99999999999997,2.000000000000064,-3.774758283725532e-15,4.00000000000006,-4.999999999999986,5.000000000000185,-1964868.9999997169,1707522.0000003874,-4517666.999999642,-25.999999999996817,-28.999999999992724,-44.99999999999591,-641067.5499999374,22390.460000112653,-1225796.9399999008
92,200909,24117,1423540.000000001,-72525.99999999965,45447.00000000076,-270411.0000000008,-67868.99999999965,28131.999999999534,12.999999999999977,-9.000000000000025,3.0000000000000124,-9.000000000000012,1.0000000000000213,-17.999999999999986,-1108871.9999999255,1709053.0000001192,-576330.999999851,-28.999999999999318,-42.99999999999909,-10.99999999999909,-450292.74999999255,-164092.3299999684,-426106.9999999553
93,200910,24118,1422135.0000000002,-37416.00000000169,162469.00000000035,-45674.00000000041,58662.99999999942,136636.9999999986,22.99999999999994,-1.000000000000007,2.0000000000000115,-3.000000000000023,1.0000000000000107,8.999999999999915,-2658781.0000000596,-1868436.0,-5819724.99999994,-40.00000000000068,-60.99999999999909,-62.000000000000455,-724029.2300000116,-741335.5799999833,-1479523.8100000024
94,200911,24119,764538.9999999986,130213.00000000041,182220.00000000032,164907.00000000023,74558.00000000058,-105698.00000000093,17.99999999999994,-1.4210854715202004e-14,5.329070518200751e-15,3.000000000000025,22.00000000000003,20.00000000000007,-3174619.9999998957,32777.00000035763,-75055.99999982119,-47.999999999997726,-36.99999999999409,-21.99999999999727,-1011699.5399999656,-389229.74999993294,-785421.2999999374
95,200912,24120,757919.999999999,908690.0000000008,-372424.0000000014,165482.9999999997,-312464.9999999991,382664.99999999814,12.999999999999945,16.00000000000006,-4.000000000000007,5.000000000000011,-27.00000000000002,-14.999999999999929,-2190736.0000000447,-816214.0000001788,-1371577.0000001192,-44.00000000000023,-65.00000000000227,-28.000000000001364,-759443.8300000057,-700571.7000000328,-968612.3400000408
96,201001,24121,633945.9999999972,-295882.00000000116,21564.0000000015,-74797.99999999953,382497.99999999924,-90591.99999999767,7.9999999999999645,7.999999999999929,-2.0000000000000013,2.9999999999999964,13.999999999999986,17.999999999999986,-1163722.0000001788,-2286989.000000298,834122.9999996126,-14.000000000002956,-81.00000000000637,-5.000000000003411,-389751.6800000407,-990430.9600000978,-135230.12000005692
97,201002,24122,865629.0000000008,-492091.0000000008,271477.9999999991,-256480.00000000093,-400174.00000000134,-645584.0000000065,13.999999999999913,-15.000000000000014,3.9999999999999947,-9.000000000000014,-24.00000000000007,-38.0000000000002,2561361.9999997914,-1219573.0000004172,-1447001.0000002384,53.99999999999659,139.9999999999909,-14.00000000000341,631353.1399999298,623500.4299998358,-752212.6900001019
98,201003,24123,1275775.9999999998,-208391.99999999767,781671.9999999995,205421.0000000007,3639.000000001106,1192487.000000007,19.999999999999954,-10.999999999999936,4.000000000000005,-0.9999999999999964,9.000000000000087,7.000000000000185,-2454209.9999996424,-672257.999999404,845340.0000004172,-34.99999999999545,-9.999999999989086,5.000000000004775,-762415.7599999085,-77113.38999979198,-124127.75999985635
99,201004,24124,870584.000000001,225311.99999999953,-665049.9999999995,-108331.99999999849,93526.99999999919,-859735.0000000005,18.99999999999995,23.999999999999986,5.9999999999999964,3.000000000000009,-1.000000000000039,30.99999999999997,-3842260.000000268,-604185.0000003874,-1694558.0000003576,-50.00000000000341,-31.000000000007276,-18.000000000003638,-1063702.7100000717,-312625.2900001481,-764026.3100001216
100,201005,24125,152201.00000000055,-300981.00000000047,-234321.0000000012,242455.99999999884,108724.99999999988,-902504.0000000028,7.999999999999929,-20.000000000000046,-11.00000000000001,-2.000000000000009,8.000000000000014,-36.00000000000006,-1696045.0000000447,1968123.9999999106,-1378729.0,-21.0,-8.0,-20.0,-386924.20999999344,191182.15999998152,-966201.5300000012
101,201006,24126,99730.99999999974,310759.00000000186,-74978.99999999983,-358725.9999999991,-68355.99999999942,-243771.9999999944,2.999999999999975,12.000000000000096,2.000000000000007,-1.9999999999999911,-7.999999999999979,-0.9999999999998721,-402333.9999997467,138133.00000047684,1646987.0000003874,-7.999999999996817,-31.999999999990905,1.00000000000432,-193792.2199999392,-301675.9899998456,-159311.3999998793
102,201007,24127,151917.00000000207,186178.99999999767,454539.9999999999,149777.99999999965,321051.9999999993,1163734.9999999953,1.999999999999945,-14.000000000000071,1.0000000000000044,2.0000000000000018,9.999999999999979,-2.0000000000001137,-957313.0000001192,3389489.999999702,1054250.9999997914,-6.000000000002046,37.99999999999409,8.999999999997726,-166546.13000004366,580448.7899999171,-165542.31000008434
103,201008,24128,137900.00000000026,-288116.0000000008,-130634.00000000035,-251236.00000000163,-260546.99999999983,-944550.0000000042,3.999999999999945,0.9999999999999716,-1.0000000000000266,-6.000000000000027,-15.000000000000018,-19.000000000000057,-1934328.9999999404,529650.0000000596,-9569376.99999988,-34.999999999997954,-80.99999999999864,-111.99999999999909,-750563.169999972,-630649.1499999762,-2579800.5799999535
104,201009,24129,29990.000000003263,338186.99999999977,-127301.00000000058,-132618.99999999924,-117348.99999999953,-146991.9999999972,0.9999999999999833,7.000000000000032,-1.9999999999999938,-4.999999999999989,7.105427357601002e-15,-2.999999999999936,-1295461.999999866,528143.0000003576,-1412513.9999997914,-33.99999999999818,-35.99999999999363,-23.999999999997044,-466841.31999995187,-128434.97999989986,-718989.5799999312
105,201010,24130,177942.00000000352,184645.00000000093,-358210.99999999674,385498.9999999994,-70583.99999999948,289301.0000000021,1.9999999999999445,-8.999999999999979,-2.999999999999993,8.99999999999999,8.999999999999996,6.999999999999979,-2037989.0000000596,1292701.9999997318,-856089.0000001192,-30.00000000000159,-9.000000000001819,-34.00000000000114,-651392.9800000302,536316.4399999455,-754372.2100000381
106,201011,24131,298586.0000000008,-686155.0000000003,243091.9999999975,100706.9999999982,583598.9999999986,361886.9999999909,7.999999999999927,3.999999999999986,6.999999999999986,0.9999999999999876,7.999999999999986,25.999999999999957,-1543023.9999999404,-1494289.9999999106,-2597348.99999997,-24.99999999999909,-30.999999999998636,-36.999999999999545,-433894.4699999951,-502876.0699999556,-1028316.4199999645
107,201012,24132,491740.00000000105,256480.00000000012,366883.000000001,-237155.99999999878,-315742.99999999814,263618.00000000885,3.9999999999999813,-4.999999999999989,4.000000000000024,-5.999999999999974,13.00000000000005,2.0000000000000995,-656514.999999851,-1246349.9999996424,-1379684.9999997914,-17.9999999999975,-29.999999999995907,-16.9999999999975,-290254.3999999538,-250284.92999993265,-509751.7799999267
108,201101,24133,392883.0000000015,884955.0000000012,-383378.9999999984,430371.00000000256,-134177.00000000006,698913.0000000056,3.999999999999994,15.00000000000005,-8.99999999999998,11.00000000000005,-7.999999999999993,9.000000000000156,352767.9999999404,6414328.999999851,-2364343.0000000596,10.99999999999909,51.999999999998636,-23.000000000000682,50498.839999988675,1354089.6199999899,-573146.3500000387
109,201102,24134,2.35741026699543e-09,-624329.0000000023,1022.9999999984866,369796.9999999973,-126056.00000000102,-772448.0000000098,-4.263256414560601e-14,-4.000000000000085,2.9999999999999716,-5.000000000000053,-21.000000000000025,-31.000000000000192,120661.9999999255,-2061699.000000298,-5209129.000000179,9.999999999998636,57.99999999999545,-44.00000000000182,60977.37999999523,351583.24999993294,-1073587.0900000334
110,201103,24135,868789.0000000008,-88425.99999999988,-7952.000000000349,430571.99999999814,139741.99999999927,1342724.9999999958,7.99999999999995,8.999999999999986,1.000000000000007,12.999999999999943,11.99999999999995,42.99999999999989,-1457506.0000000745,-1022762.0,1344271.9999999702,-21.000000000000682,-21.000000000002274,5.999999999999545,-361317.1600000188,-298055.04000002146,661131.8599999547
111,201104,24136,1851499.000000002,-163274.00000000047,287230.0,-814099.9999999979,-94982.9999999989,197583.0000000056,23.99999999999997,-10.999999999999996,3.0000000000000018,-7.999999999999954,-4.999999999999947,-4.999999999999844,-2829879.999999836,-4360996.999999374,-3974778.9999996424,-47.999999999997044,-79.99999999999,-54.999999999997044,-901493.0899999328,-1169638.6299998686,-696081.3899998888
112,201105,24137,2089591.0000000042,552942.000000001,464028.99999999936,406198.0000000014,-85717.00000000017,1575543.9999999972,24.999999999999936,9.00000000000001,3.9999999999999876,4.000000000000032,4.9999999999999964,22.999999999999986,-2334081.0,-1965869.000000298,-4794109.000000119,-19.00000000000091,-20.000000000003638,-26.00000000000091,-533654.2000000104,-322112.1700000763,-616546.1800000072
113,201106,24138,1355832.0000000026,-31665.99999999744,-661191.9999999984,185287.00000000023,76251.00000000061,-1165078.9999999916,15.99999999999999,-9.999999999999908,-10.99999999999998,3.000000000000025,-1.999999999999968,-28.999999999999844,-2255477.9999998957,-3321659.999999881,-2204123.9999999404,-26.999999999998636,-86.99999999999818,-20.99999999999841,-565017.4399999976,-1170765.6899999306,-94671.00999993831
114,201107,24139,629592.0000000058,-175630.99999999977,65881.99999999971,-827522.0000000002,116786.99999999991,-1546723.9999999977,18.999999999999986,6.999999999999972,2.999999999999996,-13.000000000000025,-2.0000000000000178,-2.000000000000071,-1941312.9999999106,-1159383.9999997914,152473.0000000894,-29.999999999998636,-60.99999999999636,-4.9999999999990905,-585190.9999999665,-274266.7199999541,1039172.180000022
115,201108,24140,622932.0000000017,277857.00000000186,-165140.9999999974,56005.000000002445,-29142.999999998836,132918.00000000698,8.0,-8.999999999999908,-2.9999999999999623,1.0000000000000622,13.000000000000053,-8.999999999999758,-1484482.9999999553,-5340456.999999732,-3033907.9999997765,-24.999999999998636,-93.99999999999454,-28.999999999998636,-444244.95999996737,-1514459.389999941,-152102.87999998033
116,201109,24141,2214566.0000000047,-10694.000000001863,446656.99999999674,-164052.0000000024,-148452.00000000105,1715092.9999999944,16.00000000000002,12.999999999999915,5.999999999999972,0.9999999999999556,-8.000000000000036,19.999999999999815,-970217.0000002086,-2075449.0000003576,-3219582.000000283,-10.000000000003638,-77.00000000000637,-28.000000000003638,-123332.12000006065,-878926.430000104,-356471.65000009537
117,201110,24142,582277.0000000019,-573033.0000000013,-56925.99999999849,40145.999999999825,-123902.00000000128,-2346004.000000002,15.000000000000009,-14.999999999999996,5.329070518200751e-15,-2.0000000000000213,-8.000000000000007,-26.000000000000014,-3240221.00000003,-8003079.000000149,-5732460.000000149,-38.000000000000455,-116.00000000000455,-58.00000000000023,-816596.760000024,-1951583.7300000414,-1346756.6500000134
118,201111,24143,1.877197064459324e-09,139848.99999999965,-418371.00000000163,244927.00000000134,138436.00000000154,-477436.0,-2.220446049250313e-14,10.000000000000018,-6.0000000000000195,3.0000000000000266,11.999999999999996,4.000000000000028,-786599.0,-3473134.000000149,-4505976.99999997,-19.999999999999773,-55.0,-37.0,-169520.5099999979,-724530.890000008,-1101396.050000012
119,201112,24144,4.4683474698103964e-09,1264201.0000000007,589379.000000001,173978.99999999919,35833.999999999156,2063392.9999999986,-1.7208456881689926e-14,6.999999999999979,4.000000000000004,5.999999999999991,-3.000000000000025,13.9999999999999,-2500642.999999985,-5151234.00000003,-4492105.000000015,-32.99999999999977,-100.99999999999955,-57.99999999999977,-739867.3700000085,-1463567.580000013,-1049310.3100000098
120,201201,24145,459800.0000000027,-836215.0000000005,47477.0,340964.99999999907,9444.999999999913,21471.99999999581,6.999999999999958,-4.000000000000028,1.0,8.999999999999996,-7.000000000000011,5.999999999999915,-868964.0000001937,-3774927.0000002086,-4665311.000000253,-25.000000000002956,-156.0000000000041,-37.000000000002274,-298027.66000005975,-1770636.6800000519,-1208546.2400000766
121,201202,24146,985196.0000000029,1222229.9999999981,-56879.00000000221,-218607.99999999814,-77422.99999999985,1394716.0,20.999999999999975,14.000000000000021,-8.881784197001252e-16,-11.999999999999972,0.0,16.00000000000007,245625.0000001192,-8624484.999999821,-5887577.999999866,10.000000000001819,-54.99999999999682,-64.99999999999841,-89901.3799999468,-1892695.5499999523,-1659687.109999925
122,201203,24147,775932.000000002,-153555.99999999255,916698.0000000042,552920.0000000016,213472.00000000157,1320270.000000014,13.999999999999991,18.000000000000107,7.000000000000027,19.00000000000002,12.000000000000075,49.00000000000024,-1548462.999999836,-3023004.9999996424,-2603560.9999997467,-28.999999999997613,-53.99999999999409,-22.999999999997954,-495504.5899999514,-943748.9999999106,-75312.22999992967
123,201204,24148,1672224.0000000019,-999050.0000000047,-1132163.0000000019,-134462.00000000093,172724.99999999872,-1196658.0000000075,21.99999999999997,-35.000000000000085,-8.000000000000021,-8.000000000000021,-2.000000000000025,-45.0000000000001,-2655237.0000000596,-6310887.00000006,-5481733.00000003,-37.00000000000102,-90.00000000000045,-33.00000000000068,-542375.6000000313,-1558543.4600000158,-1239524.4700000137
124,201205,24149,2848042.0000000023,-536111.0000000002,513286.9999999992,-174615.0000000007,-313941.00000000047,664437.9999999953,36.99999999999997,-2.0000000000000284,9.000000000000002,-9.000000000000004,5.999999999999968,18.9999999999999,-2195055.00000003,-5752960.000000179,-4272600.000000089,-36.0,-64.00000000000364,-30.00000000000057,-661501.3000000082,-1311533.0400000215,-704935.3300000206
125,201206,24150,860947.0000000042,76186.00000000163,-522770.9999999986,-98404.99999999977,185093.0000000005,-2346991.9999999898,14.000000000000025,-5.99999999999995,-8.999999999999993,7.000000000000018,1.0000000000000426,-29.9999999999998,-948637.9999998361,-7860317.999999732,-7343841.999999791,-19.99999999999784,-115.999999999995,-48.999999999997726,-302792.8299999498,-2090277.9599999413,-1650847.4699999243
126,201207,24151,1154592.000000006,-282632.00000000116,493629.0000000001,123836.99999999907,-191266.99999999997,437211.9999999972,21.000000000000014,-7.000000000000043,3.000000000000006,-4.0000000000000355,-10.000000000000004,-11.0000000000001,-2106444.000000082,-11960591.00000009,-4100916.000000134,-35.000000000001364,-254.00000000000273,-44.00000000000125,-617206.5200000219,-3255707.0400000364,-1151602.1600000411
127,201208,24152,1688109.0000000037,435758.00000000023,-633993.0,-658017.0000000021,292209.9999999999,-30525.000000004657,24.999999999999986,13.000000000000021,-6.000000000000015,-4.0000000000000036,-7.105427357601002e-15,6.999999999999957,-2532252.0000001118,-2267696.000000149,-1974623.0000000894,-30.000000000001933,-41.00000000000364,-9.000000000001364,-513276.8000000343,-655809.6100000441,23907.2699999623
128,201209,24153,1627302.0000000047,728027.9999999965,381065.9999999983,-142439.99999999703,-331534.00000000093,574312.9999999991,22.999999999999982,-1.0000000000000782,4.000000000000002,-4.999999999999986,-12.000000000000052,-16.000000000000128,220076.9999999404,-2474509.0000001937,-1514264.0000000894,4.999999999999432,-51.00000000000273,-16.00000000000125,19286.32999998331,-627305.2400000393,-311062.7800000571
129,201210,24154,56461.00000000186,424605.0000000021,593859.0000000036,215805.9999999997,215061.00000000017,-121509.9999999972,1.999999999999985,20.000000000000014,-1.9999999999999858,1.9999999999999858,3.0000000000000373,2.0000000000000995,-2010837.0000000075,-4721566.0,-3343392.000000015,-26.0,-60.0,-23.000000000000114,-487379.45999999717,-695886.9000000209,-541691.6000000052
130,201211,24155,758435.0000000007,-19973.999999998603,-520808.0000000035,583137.0000000006,-141106.99999999843,603221.9999999981,9.99999999999998,8.00000000000005,4.999999999999981,9.000000000000032,-3.9999999999999893,26.000000000000057,-1454745.9999999031,-3133620.999999836,-2487301.999999881,-9.999999999998522,-53.99999999999682,-25.999999999998636,-206768.68999997526,-931174.1499999538,-613259.3699999563
131,201212,24156,722654.0000000013,-1076058.999999998,-545549.0,-298649.99999999977,178638.99999999919,-1777399.9999999977,14.999999999999957,-21.999999999999986,-5.000000000000002,-1.7763568394002505e-14,9.999999999999975,-12.000000000000071,-937995.0000000447,-3223800.9999999255,-2953114.0000000447,-11.00000000000091,-79.99999999999955,-19.000000000000455,-261184.6500000134,-1008955.3199999854,-529781.7100000046
132,201301,24157,1305362.9999999986,339284.00000000047,247432.00000000332,912611.0000000007,-178999.9999999997,1903036.0000000023,20.99999999999996,1.000000000000071,1.0000000000000107,22.000000000000018,-2.999999999999954,27.000000000000128,334925.0000000149,-1063763.0000000745,2054087.999999985,7.999999999999659,-28.00000000000182,25.999999999999545,68119.95000000112,-274478.45000002533,1109811.710000001
133,201302,24158,1484728.000000004,-760012.0000000021,-1904.0000000029104,-400620.99999999977,142229.99999999895,-840942.0000000019,17.999999999999993,-16.00000000000008,0.999999999999992,-12.000000000000014,-3.0000000000000213,-33.00000000000003,-1087088.9999999553,-105525.99999983609,-3290441.999999881,-0.9999999999986358,81.00000000000409,-46.99999999999841,-106578.78999998607,1066543.1700000614,-1023930.519999966
134,201303,24159,1248157.000000001,135058.99999999895,171730.0,-410428.0000000028,-194048.00000000003,-534258.0000000051,14.999999999999977,7.000000000000018,-0.9999999999999973,-1.0000000000000426,-2.0000000000000266,-1.1368683772161603e-13,-319649.0000001192,249199.99999964237,249233.99999976158,-4.000000000001933,-12.000000000005912,12.99999999999784,-41103.79000003636,-130542.84000010043,426091.5399999283
135,201304,24160,832666.9999999998,387129.0000000001,172467.00000000128,-529376.0000000012,-75645.99999999933,-460915.99999999674,10.999999999999986,2.9999999999999574,4.999999999999995,-15.999999999999986,2.000000000000009,-10.0,-1721790.9999999255,-1929546.999999836,-2244543.9999998957,-29.999999999999204,-17.99999999999727,-15.999999999998863,-374811.1599999815,-281579.50999996066,-350890.10999997705
136,201305,24161,1080306.0000000035,-176000.0,-88382.00000000047,-26903.99999999837,69088.99999999968,25442.000000003725,15.999999999999993,4.999999999999979,-2.9999999999999947,-4.999999999999993,2.000000000000014,4.000000000000028,-13883.999999985099,-559007.9999999702,1767086.0000000298,13.000000000000796,8.000000000000455,20.00000000000034,255628.51000001281,57159.64000000805,507869.2800000161
137,201306,24162,716763.9999999999,89054.0,-200732.00000000093,-210219.99999999945,-52101.999999999156,-737542.0000000047,11.999999999999979,-9.999999999999918,0.9999999999999964,1.0000000000000107,-2.9999999999999822,-14.999999999999929,1231327.000000015,3574258.000000149,264050.0000000745,30.00000000000034,36.00000000000273,-0.9999999999993179,475393.97000001,922127.0200000405,110268.38000002503
138,201307,24163,1025136.0000000016,-70304.0,976431.9999999995,235536.0000000006,70521.99999999997,1520558.0000000028,21.000000000000007,-7.0000000000000355,2.000000000000009,2.000000000000016,2.9999999999999645,8.999999999999929,-16215.0,2278593.999999881,24938.999999970198,7.999999999999886,40.999999999997726,-4.000000000001023,191552.84999999963,715681.5199999735,76900.12999999523
139,201308,24164,608502.0000000012,-10909.999999996508,-676229.999999996,267879.99999999977,-72866.99999999936,-908760.9999999916,11.00000000000001,4.000000000000082,-3.9999999999999787,8.000000000000002,-4.999999999999961,-6.9999999999998295,527507.9999999776,1380261.0000000894,1065141.0,-9.000000000000682,2.0000000000009095,4.000000000000227,-50421.76000000723,645712.8600000292,220867.0399999991
140,201309,24165,285493.0000000006,-509256.0000000014,-318315.0000000028,1013083.9999999998,-34037.000000000146,-171533.00000000373,9.000000000000005,-7.000000000000011,-1.000000000000016,13.000000000000014,2.9999999999999822,5.999999999999972,2425998.000000067,3260661.000000119,2630717.0000000447,32.00000000000125,8.000000000001819,33.000000000000796,657140.7700000163,674484.0700000525,1547394.5200000182
141,201310,24166,524770.9999999992,265992.99999999977,96458.00000000116,-610811.9999999972,245761.99999999942,236679.00000000326,11.000000000000036,10.999999999999968,-2.9999999999999982,-13.999999999999986,4.000000000000021,2.842170943040401e-14,394469.0,1581382.0000000298,-1178754.0,21.0,32.0,-7.000000000000227,237164.60999999754,804720.049999997,-270428.65000000224
142,201311,24167,2302872.9999999986,-170354.9999999986,520015.0,-352228.0000000028,-278677.99999999977,1496855.999999992,27.99999999999997,-4.999999999999979,3.999999999999994,3.9999999999999645,-4.000000000000007,15.999999999999943,271441.9999998361,6860573.999999732,1095164.9999998063,22.999999999997613,63.999999999995,16.999999999997954,282447.1499999538,1573713.419999905,370151.41999992356
143,201312,24168,413784.0000000009,613195.999999997,-1019377.9999999997,133759.0000000015,135355.99999999953,-2026155.9999999963,7.9999999999999964,5.999999999999954,-2.999999999999983,-0.9999999999999929,2.0,-16.0,1091030.0000000298,2131725.000000119,3088621.0000000596,32.00000000000057,35.000000000001364,37.000000000000455,555148.8300000094,609146.7200000212,1004670.2100000158
144,201401,24169,841247.9999999971,-430399.99999999965,127614.99999999948,-65468.000000001746,-76275.00000000015,-17064.000000005122,16.999999999999982,-5.999999999999986,0.9999999999999805,-3.197442310920451e-14,1.9999999999999858,5.999999999999943,2661123.0000000745,13311145.99999997,8773329.00000009,65.0000000000008,112.00000000000091,46.00000000000125,1178568.7200000212,2815227.1900000125,1804165.8500000387
145,201402,24170,1091416.0000000005,693612.9999999992,183098.00000000006,99560.00000000058,-43351.999999999534,1183087.0000000019,16.99999999999997,7.9999999999999325,-0.9999999999999947,-12.999999999999972,-8.999999999999977,-15.000000000000014,1997189.9999998808,4677383.999999911,4398713.999999851,41.999999999997954,67.99999999999727,18.999999999998067,640421.1199999638,1311520.2099999785,581128.8599999398
146,201403,24171,297526.9999999999,-951022.999999997,263999.000000002,-442013.0000000006,87338.00000000035,-1835587.999999994,10.00000000000001,-8.999999999999886,9.769962616701378e-15,1.999999999999977,5.000000000000005,-8.999999999999872,-547902.9999999255,4768054.000000119,1585808.000000149,25.00000000000159,60.00000000000318,3.000000000001137,448977.90000002086,1103109.140000023,331891.6000000462
147,201404,24172,404582.00000000047,479840.9999999966,355729.99999999464,172580.0000000007,-61611.0000000007,1053594.9999999912,6.9999999999999805,6.999999999999922,5.999999999999965,7.000000000000012,-4.000000000000048,12.999999999999801,-1422910.0000000969,-2440835.000000179,374701.999999851,-24.000000000001364,3.9999999999977263,-3.0000000000013642,-346349.9100000337,-258378.48000006378,-436104.7600000575
148,201405,24173,678658.0000000027,451247.0000000022,-585884.999999997,287100.0000000015,310365.00000000035,736903.0000000079,17.999999999999986,9.000000000000021,-4.999999999999979,4.00000000000005,2.000000000000055,21.00000000000017,714982.000000082,2213507.000000149,-1727037.999999866,6.000000000001364,27.00000000000273,-23.999999999998863,434323.95000002533,490446.0000000596,-947449.2299999595
149,201406,24174,290635.00000000105,-735169.9999999965,-533294.9999999979,-35247.00000000151,-353217.9999999995,-2044952.999999999,11.999999999999973,-8.999999999999893,-4.999999999999986,-1.0000000000000355,-2.9999999999999964,-23.999999999999915,1351871.0000001788,-847213.9999997616,-430581.9999998361,17.000000000002046,-7.999999999994543,-0.9999999999977263,395542.0900000483,-4895.899999924004,-46748.849999926984
150,201407,24175,307239.0000000017,-80774.00000000466,1359755.9999999977,-427896.9999999984,53828.99999999975,921517.9999999972,12.999999999999979,-4.000000000000103,14.999999999999991,-9.999999999999979,5.999999999999975,7.9999999999999005,1339467.999999851,149395.99999976158,-1416050.0000001788,9.999999999998181,-17.000000000004547,-14.000000000001819,364889.75999996066,-98415.04000008106,-774137.9300000593
151,201408,24176,564827.9999999976,-380863.999999998,-796798.9999999998,499577.99999999773,328182.9999999994,-92313.0000000028,15.999999999999963,-10.999999999999968,-4.000000000000012,4.999999999999943,0.9999999999999822,-6.0000000000000995,-1455734.000000015,650089.9999997914,480861.9999999404,-16.000000000000682,-8.000000000003638,-2.0000000000005684,-309260.99000000954,14107.649999953806,144725.22999998182
152,201409,24177,451434.99999999965,11638.999999999302,-73525.99999999988,-689957.9999999987,-413347.99999999977,-1258103.9999999958,12.999999999999982,-1.0000000000000213,-3.9999999999999885,-11.999999999999961,-7.999999999999993,-26.999999999999943,173068.0000000149,-98760.9999999404,220373.0000000298,-2.9999999999997726,-8.999999999999545,1.000000000000341,72139.3399999924,-155819.61999998242,51112.85000000894
153,201410,24178,521004.9999999992,57528.99999999965,574577.9999999978,66864.99999999942,12902.999999999942,760962.9999999967,18.99999999999998,1.0000000000000036,4.9999999999999885,1.9999999999999805,-2.0000000000000036,10.999999999999943,71991.99999996275,496428.0,-1629973.0000000298,-12.0,-25.0,-25.000000000000227,136127.91000000387,-124599.85000000894,-775773.540000014
154,201411,24179,1027589.9999999999,186545.99999999953,-534911.9999999983,274795.99999999837,550795.9999999995,983810.9999999967,17.99999999999998,7.0,-2.9999999999999964,4.999999999999984,7.000000000000021,15.000000000000028,-2343763.999999985,-2422055.9999999106,161975.0000000447,-29.000000000000227,-48.99999999999909,3.000000000000341,-581319.8999999985,-889203.7499999776,166203.45000001043
155,201412,24180,460600.0000000019,-99587.99999999942,-461539.9999999994,-408831.99999999837,-508423.99999999965,-2045373.9999999946,19.99999999999998,-2.0000000000000107,-8.999999999999986,-3.9999999999999822,-4.000000000000012,-17.0,-1133795.9999999776,-5760698.00000003,-3347750.999999985,-17.99999999999966,-83.00000000000045,-26.999999999999545,-336759.2099999897,-1621709.6400000006,-965381.4099999927
