,YYYYMM,DATE,34042.0,34050.0,34056.0,34059.0,34099.0,34103.0,33990.0,33999.0,34004.0,34007.0,34098.0,34102.0,50324.0,50333.0,50335.0,50151.0,50157.0,50160.0,50232.0,50239.0,50241.0
0,200201,24025,1581134.000000003,1773871.000000002,-1.7462298274040222e-10,8932.000000001924,153065.00000000012,3517002.000000006,12.000000000000018,31.00000000000003,-5.551115123125783e-16,1.0000000000000102,14.000000000000018,58.00000000000004,38899960.00000009,12112576.00000002,46065066.00000005,542.0000000000014,342.0000000000007,479.00000000000057,12089008.690000022,5040364.290000015,14570710.980000038
1,200202,24026,1180906.9999999984,1206163.9999999986,1003209.9999999995,668943.999999999,136202.99999999977,4195427.999999997,4.999999999999996,19.999999999999954,2.9999999999999987,6.999999999999989,5.999999999999991,40.99999999999992,37541351.00000001,12571169.999999955,45074989.999999955,555.0,369.99999999999926,467.0,12075254.950000005,5246689.419999991,14302776.559999993
2,200203,24027,162019.00000000163,540610.0000000014,1.57160684466362e-09,54435.0000000007,37986.000000000335,795050.0000000072,2.000000000000032,11.000000000000027,1.1324274851176597e-14,1.0000000000000133,3.000000000000007,17.00000000000009,36883677.000000186,12559246.000000112,44463881.00000018,553.0000000000023,367.00000000000256,458.0000000000025,11953615.530000053,5214070.180000042,14084893.630000072
3,200204,24028,1917690.9999999998,731443.0000000009,4.656612873077393e-10,249967.00000000122,95474.00000000029,2994575.0000000056,13.000000000000014,31.000000000000036,3.9968028886505635e-15,4.000000000000018,7.000000000000021,55.00000000000008,36920513.00000018,12529198.000000048,43496407.00000019,553.0000000000027,364.0000000000017,445.00000000000233,11945074.73000006,5187982.890000022,14194311.100000065
4,200205,24029,1023653.0000000006,1318084.0000000019,29647.9999999999,1311075.9999999998,72871.00000000052,3755332.000000004,6.000000000000017,37.000000000000036,1.9999999999999976,11.00000000000001,9.000000000000016,65.00000000000003,38789777.000000015,12666230.000000037,44034161.000000045,575.0000000000005,359.00000000000034,448.00000000000006,12388863.890000004,5138456.80000001,14264229.520000007
5,200206,24030,53542.00000000157,611314.9999999993,-1.0877556633204222e-09,268528.99999999785,69520.99999999964,1002906.9999999951,1.9999999999999907,22.999999999999964,-1.0436096431476471e-14,6.999999999999977,4.999999999999975,36.99999999999985,37634471.99999982,13037489.999999782,44653744.999999836,554.9999999999975,364.9999999999956,454.99999999999704,12096271.63999995,5278440.519999931,14409970.69999991
6,200207,24031,57353.00000000112,734874.9999999995,37008.999999998676,654863.9999999994,215526.99999999977,1699627.9999999993,2.0000000000000293,32.99999999999997,0.999999999999988,13.99999999999999,11.999999999999986,61.999999999999964,39074062.99999994,13081377.999999834,44153924.999999896,579.9999999999987,365.9999999999968,450.9999999999984,12764765.499999983,5314824.32999995,14248843.859999945
7,200208,24032,312044.99999999965,1316533.9999999988,-2.1827872842550278e-11,839925.9999999991,105231.99999999983,2573736.999999996,6.999999999999986,33.99999999999995,-4.385380947269368e-15,15.999999999999963,8.999999999999963,65.99999999999987,40187308.999999836,12745927.999999747,44676042.99999976,604.9999999999978,360.999999999995,459.9999999999973,13261436.429999944,5215305.17999992,14564337.39999991
8,200209,24033,1000102.9999999991,363148.99999999977,516423.999999999,529319.0000000014,281963.9999999998,2690958.999999997,5.999999999999982,16.999999999999993,0.9999999999999956,8.000000000000028,13.00000000000001,45.00000000000004,40964799.000000075,12464077.000000043,43586654.00000009,613.0000000000013,362.00000000000114,453.0000000000007,13559399.170000017,5189415.760000018,14293039.060000017
9,200210,24034,1144408.0000000005,840164.0000000019,8.731149137020111e-11,611095.0000000035,248631.0000000004,2844298.000000008,10.00000000000002,25.000000000000057,4.773959005888173e-15,12.000000000000053,12.000000000000028,59.00000000000017,42205005.000000246,13097118.000000238,42998451.00000028,623.0000000000034,372.0000000000051,447.00000000000307,13672531.470000062,5354344.670000084,14050135.94000009
10,200211,24035,123506.99999999712,914250.9999999973,89716.99999999812,203584.99999999846,49653.9999999992,1380713.9999999905,0.9999999999999829,22.99999999999993,4.9999999999999805,7.999999999999987,3.9999999999999782,40.99999999999985,42841720.999999896,13506759.999999963,43902558.999999955,635.999999999999,375.9999999999992,459.9999999999993,13857102.549999978,5454364.879999995,14413162.069999978
11,200212,24036,165826.000000001,585355.0000000009,7.203198038041592e-10,636888.000000001,78620.00000000083,1466689.000000004,3.0000000000000187,25.000000000000036,9.769962616701378e-15,7.000000000000011,11.000000000000032,46.000000000000114,42014548.0000001,14230619.000000238,43137017.0000002,616.0000000000016,393.0000000000046,460.0000000000023,13569846.32000005,5682518.170000076,14292395.390000071
12,200301,24037,1.3533281162381172e-09,1077882.0,-1.1750671546906233e-09,753806.0000000005,337817.00000000023,2169505.0000000005,3.774758283725532e-15,26.999999999999964,-8.104628079763643e-15,12.000000000000018,12.000000000000016,51.00000000000005,42779353.00000005,13881942.00000001,45659046.000000075,642.0000000000005,387.00000000000045,485.0000000000008,13799178.560000028,5559369.400000012,15006505.640000032
13,200302,24038,169977.0000000014,674437.000000001,1.5152181731536984e-09,313030.00000000204,74280.99999999985,1231725.0000000035,2.999999999999988,24.000000000000014,2.353672812205332e-14,5.000000000000027,5.0000000000000036,37.00000000000009,46421317.00000001,14236704.00000006,46419132.00000008,686.0000000000002,444.00000000000114,490.00000000000057,14702928.980000015,5836477.6300000185,15258556.980000015
14,200303,24039,167916.00000000244,476916.9999999996,239753.99999999965,179332.99999999985,136564.99999999965,1200484.9999999984,2.9999999999999925,16.999999999999996,1.9999999999999996,7.000000000000008,4.999999999999985,33.99999999999998,46955764.99999985,14712366.999999879,50190989.99999984,690.9999999999978,453.9999999999973,533.9999999999982,15004849.799999952,5981230.229999961,16573745.579999946
15,200304,24040,37606.00000000185,910917.0,8959.00000000083,602372.9999999994,56839.00000000032,1616694.0000000033,2.000000000000016,30.00000000000005,2.0000000000000178,7.0000000000000195,6.0000000000000195,47.00000000000011,47875983.99999992,15226460.999999993,52249144.999999925,705.9999999999984,464.99999999999926,554.9999999999991,15153730.479999967,6132024.239999995,17076058.69999996
16,200305,24041,1541096.0000000014,625439.9999999987,108225.99999999907,3018233.000000002,361185.00000000023,5654180.000000004,14.000000000000021,28.99999999999998,3.9999999999999907,16.0,16.000000000000007,79.0,49258301.999999896,15546712.99999987,52583481.99999985,736.9999999999982,462.99999999999704,571.9999999999982,15674433.149999958,6246668.269999957,17557795.429999936
17,200306,24042,529198.9999999992,470388.9999999983,3383.9999999998545,1343254.9999999988,122159.00000000013,2468385.999999997,4.999999999999993,19.999999999999986,0.999999999999996,7.000000000000002,7.000000000000011,39.999999999999986,51762936.99999996,17231803.00000009,54320097.99999995,746.9999999999992,482.0000000000009,599.9999999999993,16122830.979999969,6658751.33000002,18433089.72999998
18,200307,24043,687272.9999999999,900883.9999999994,35054.00000000119,1653511.9999999993,240242.9999999998,3516966.0,6.000000000000016,33.0,4.000000000000002,23.000000000000004,6.000000000000012,72.00000000000006,54370187.00000003,18188511.000000075,57148746.00000005,783.0000000000005,493.0000000000016,623.0000000000007,16716335.43,6914487.280000021,18990242.970000017
19,200308,24044,-1.949956640601158e-09,1900377.0,555051.0,431027.99999999895,331445.9999999996,3217901.9999999995,-1.5987211554602254e-14,30.999999999999975,1.0000000000000004,3.999999999999998,7.999999999999985,43.999999999999986,57771444.999999866,20081726.999999985,60628003.999999866,829.9999999999983,522.9999999999993,670.999999999999,17909899.069999963,7439081.469999991,20518706.829999957
20,200309,24045,661752.0000000013,375219.9999999985,44152.99999999897,438537.99999999773,56293.99999999929,1575956.9999999944,4.999999999999989,15.99999999999995,1.9999999999999887,10.999999999999975,6.9999999999999645,40.99999999999987,57625159.99999982,20642761.999999817,61077393.99999978,833.9999999999972,540.999999999996,678.9999999999978,18148397.15999995,7627009.319999944,20779972.039999925
21,200310,24046,334440.0000000008,488286.99999999994,18564.000000000127,992740.9999999984,206494.99999999994,2040526.999999998,6.999999999999975,19.999999999999996,2.999999999999995,11.999999999999996,11.000000000000007,52.99999999999997,58013801.000000045,21057053.000000015,62245900.99999999,841.0000000000005,550.0000000000001,706.0000000000005,18162139.150000013,7689758.430000009,21614667.560000002
22,200311,24047,21148.00000000086,170563.99999999983,51906.000000000335,470889.0000000008,73692.99999999959,788200.0,0.9999999999999925,8.999999999999996,3.000000000000005,10.000000000000023,4.000000000000004,27.000000000000014,61549907.000000075,22871804.00000017,63868888.000000164,893.0000000000013,584.000000000003,732.0000000000014,19198824.51000005,8227283.11000005,22587615.490000043
23,200312,24048,33120.00000000159,498871.00000000035,212683.99999999927,886538.9999999993,154089.99999999965,1785303.9999999974,1.9999999999999805,15.999999999999995,2.999999999999997,16.999999999999996,7.999999999999984,45.99999999999992,61940418.99999975,24322043.99999979,65936691.99999974,902.9999999999967,602.9999999999944,755.9999999999967,19389302.709999934,8645552.149999922,23521824.009999905
24,200401,24049,137252.99999999904,197303.0000000002,1.8917489796876907e-10,394336.0000000014,228677.00000000047,957569.0000000045,3.0000000000000293,10.000000000000039,1.6653345369377348e-15,9.000000000000021,11.000000000000018,33.0000000000001,67204742.00000015,25644950.00000017,67590405.00000016,964.0000000000024,630.0000000000032,785.0000000000023,20635590.59000003,9089564.650000056,24220557.420000073
25,200402,24050,260266.00000000175,124175.00000000065,44813.0,620511.0000000016,12620.000000000204,1062385.0000000028,4.000000000000001,8.000000000000025,3.0000000000000053,9.000000000000028,3.000000000000014,27.000000000000064,67501769.00000001,27318581.000000097,69518131.00000006,979.0000000000009,758.0000000000014,823.0000000000002,20795109.28999999,10118969.950000033,25254500.14000003
26,200403,24051,1185368.9999999988,192614.00000000012,15844.000000000338,292010.0000000001,5176.000000000147,1691012.9999999995,12.000000000000012,9.000000000000009,1.0000000000000073,8.00000000000003,3.000000000000007,33.000000000000064,68802697.99999987,27499423.00000001,71341545.99999988,983.9999999999984,764.9999999999989,842.999999999998,20923865.45999995,10216713.589999992,26003095.13999997
27,200404,24052,1001729.0000000007,239546.00000000128,5640.000000000519,78006.00000000239,58194.00000000078,1383115.0000000056,17.00000000000003,16.000000000000025,1.0000000000000082,3.000000000000036,9.000000000000039,46.00000000000013,71273361.0,28839026.000000037,72291631.99999999,1005.0000000000002,772.9999999999998,869.9999999999995,21416768.970000003,10402767.38,26972906.840000007
28,200405,24053,806490.0,209160.99999999977,17685.000000000415,3.183231456205249e-10,82720.00000000015,1116056.0,8.999999999999993,15.000000000000007,1.0000000000000044,4.829470157119431e-15,7.000000000000008,32.000000000000014,74377492.99999997,31255894.000000138,73531645.00000001,1032.9999999999995,812.0000000000019,884.0,22228927.52,11220744.93000003,27561136.309999995
29,200406,24054,732881.0000000016,125432.00000000006,5.902620614506304e-10,48624.000000000444,2542.999999999749,909480.0,9.999999999999984,7.999999999999978,6.217248937900877e-15,3.000000000000004,2.0000000000000036,22.999999999999964,74185100.9999998,31778899.99999991,74131749.99999979,1030.9999999999975,818.9999999999972,901.9999999999977,22116473.669999946,11416068.929999964,28597947.42999994
30,200407,24055,366927.9999999993,211296.0000000013,82641.00000000036,183909.00000000076,16395.000000000226,861169.000000001,6.999999999999984,8.000000000000034,2.000000000000006,7.000000000000027,2.0000000000000004,26.000000000000032,74279754.99999985,32395594.00000009,74743231.99999996,1036.9999999999984,848.0000000000007,904.9999999999992,22181165.37999996,11843097.270000024,28701944.419999965
31,200408,24056,164723.00000000058,124425.99999999953,18050.000000000004,28446.00000000109,37214.00000000042,372859.0000000006,4.000000000000002,11.000000000000021,1.0000000000000004,2.0000000000000204,5.000000000000004,23.000000000000043,77419789.0000001,33899018.0000002,74362665.00000015,1066.0000000000016,888.0000000000043,918.0000000000019,22913860.090000037,12359528.170000074,28690051.890000056
32,200409,24057,387116.00000000105,80010.00000000052,2.523847797419876e-10,15356.00000000112,76686.99999999981,559169.0000000024,7.000000000000002,6.999999999999996,2.7755575615628914e-16,1.0000000000000115,5.9999999999999964,21.000000000000004,77128106.99999987,33473640.000000034,75405004.9999999,1065.999999999998,888.9999999999998,940.9999999999984,23160116.249999944,12345829.760000011,29263980.039999966
33,200410,24058,234755.99999999974,82361.99999999997,6827.999999999317,49629.000000000044,17177.99999999957,390752.99999999866,3.9999999999999956,4.999999999999989,0.9999999999999891,4.000000000000002,4.000000000000001,17.99999999999997,77548597.99999994,33836451.00000012,77573475.99999997,1053.9999999999989,898.0000000000023,970.9999999999997,23262889.409999974,12538685.980000045,30928804.460000005
34,200411,24059,220234.00000000122,7915.999999999622,60960.999999999425,15186.999999999725,6981.999999999376,311279.99999999756,4.999999999999993,1.9999999999999791,1.0000000000000009,0.9999999999999915,1.9999999999999654,10.999999999999925,79566415.99999987,34518698.99999991,77526184.99999979,1096.9999999999977,917.9999999999983,974.9999999999982,23993681.629999954,12787490.98999998,31098395.56999995
35,200412,24060,377923.0000000018,193369.0000000013,36953.99999999957,56113.999999998996,39481.99999999997,703842.0000000007,5.000000000000001,11.000000000000007,0.9999999999999918,1.9999999999999993,1.9999999999999971,21.000000000000014,80180969.99999979,35578417.99999994,77493293.99999982,1109.9999999999973,925.9999999999978,997.999999999998,24586135.56999995,13084737.009999972,31425717.25999994
36,200501,24061,221884.00000000076,48511.9999999998,-2.000888343900442e-11,31101.000000000415,92058.9999999998,393556.0,3.9999999999999893,6.999999999999981,-1.6653345369377348e-16,0.999999999999986,20.99999999999999,32.999999999999964,82327843.99999993,36285896.999999955,78483053.9999999,1128.9999999999986,949.9999999999989,1013.9999999999991,25097030.669999976,13449664.819999987,31951252.079999983
37,200502,24062,587152.9999999994,168372.00000000067,2.0622792362701148e-10,34949.000000001106,31293.00000000036,821767.0000000033,10.000000000000028,8.000000000000014,1.1546319456101628e-14,2.000000000000005,5.000000000000025,25.000000000000092,92772388.00000003,38150806.00000021,78026440.00000015,1318.0000000000005,1098.0000000000032,1035.0000000000014,28227355.030000024,14643469.520000055,32162476.420000046
38,200503,24063,658184.0000000007,281952.9999999993,-7.356106834777165e-10,43752.0000000008,45168.99999999978,1029057.9999999979,5.999999999999986,8.999999999999948,5.204170427930421e-16,2.000000000000015,3.9999999999999862,20.999999999999925,92534074.99999978,39099616.999999836,79333177.99999976,1316.999999999996,1127.999999999996,1063.9999999999968,28164980.50999993,15080563.659999942,33148750.92999988
39,200504,24064,253832.00000000067,244180.9999999997,-1.2511236491263844e-10,32329.000000001342,83198.99999999958,613540.9999999992,5.999999999999981,7.999999999999981,2.733924198139448e-15,1.0000000000000204,1.9999999999999873,16.999999999999968,91682723.99999978,39808330.00000004,79907592.99999987,1315.9999999999973,1149.999999999999,1092.9999999999989,28019909.49999995,15445467.579999996,33881598.44999995
40,200505,24065,385633.99999999854,68863.99999999975,8.377583071705885e-10,1.0913936421275139e-09,1044.9999999999272,455543.00000000116,4.9999999999999964,3.9999999999999964,1.4377388168895777e-14,1.4765966227514582e-14,1.9999999999999851,11.0,90640738.99999984,39901523.00000006,80708337.99999996,1315.9999999999986,1191.9999999999998,1111.9999999999995,27840469.289999977,15791470.950000014,34195860.349999994
41,200506,24066,112415.9999999984,55349.99999999951,43714.99999999974,79134.00000000182,32459.0000000007,323074.0000000027,2.0000000000000235,5.000000000000009,2.0000000000000075,3.0000000000000373,5.0000000000000275,17.0000000000001,90321293.0,40946094.000000164,83746676.00000003,1330.0000000000002,1219.000000000002,1138.0000000000014,28164612.9,16309425.720000042,35231288.020000055
42,200507,24067,489241.00000000047,3733.9999999993033,-2.928572939708829e-10,1.4151737559586763e-09,13245.99999999965,506220.9999999987,4.999999999999987,0.9999999999999833,2.1094237467877974e-15,7.327471962526033e-15,2.9999999999999982,8.999999999999982,91352159.99999987,41392389.99999993,83474525.99999979,1344.999999999998,1229.999999999998,1155.999999999999,28540393.999999966,16474354.229999976,35315580.71999996
43,200508,24068,165632.99999999988,10258.999999999807,7.321432349272072e-10,113449.00000000125,16918.999999999985,306259.99999999994,3.999999999999986,1.999999999999995,8.881784197001252e-16,3.0000000000000084,3.0000000000000067,11.999999999999995,90272540.99999991,42931564.00000015,84394483.00000001,1350.999999999999,1287.0000000000011,1147.0,28604025.01999999,17146786.19000004,35361018.18999999
44,200509,24069,258347.00000000084,15263.000000000291,36313.00000000053,16136.000000000451,10574.000000000362,336633.00000000105,6.999999999999976,1.999999999999988,1.0000000000000049,1.00000000000001,3.0000000000000195,14.0,89622609.99999988,43186812.00000019,84582310.0,1344.9999999999986,1293.0000000000011,1152.999999999999,28593426.799999967,17215397.030000035,36286463.729999974
45,200510,24070,113570.99999999972,-6.616573955398053e-10,4.747562343254685e-10,3.5015546018257737e-10,25311.999999999793,138882.99999999988,1.9999999999999847,-3.1585845050585704e-14,-5.9396931817445875e-15,-3.594347042223944e-15,1.9999999999999842,3.9999999999999303,87415003.99999978,44195579.99999989,83527390.99999969,1326.9999999999966,1299.9999999999943,1149.9999999999966,28217873.33999993,17431450.859999932,36130068.76999988
46,200511,24071,351339.00000000047,5170.000000000569,7.707967597525567e-10,37756.00000000012,-3.701643436215818e-10,394265.0000000038,8.000000000000014,0.9999999999999986,3.4139358007223564e-15,2.0000000000000107,1.326716514427062e-14,11.00000000000004,86465565.99999996,43851364.000000045,83349890.99999994,1309.9999999999986,1286.9999999999993,1150.9999999999993,27867071.519999973,17273834.280000016,36238130.389999956
47,200512,24072,269458.9999999987,142764.99999999886,16524.999999999487,36664.999999999105,9383.99999999989,474797.9999999965,8.999999999999991,3.999999999999959,1.9999999999999927,1.0000000000000002,3.999999999999999,19.999999999999925,85679333.99999991,44949066.00000001,81689119.99999999,1292.9999999999977,1323.9999999999989,1138.9999999999989,27779151.659999967,18009027.520000007,35764330.06999998
48,200601,24073,154821.99999999718,-1.8917489796876907e-10,-1.647094904910773e-09,32752.999999999833,79274.99999999965,266849.99999999814,7.000000000000008,-4.8183679268731794e-14,-1.6209256159527285e-14,1.9999999999999982,11.000000000000004,19.999999999999936,87862623.00000003,47617829.00000003,80071934.00000004,1310.9999999999998,1377.0000000000007,1122.0000000000002,28124689.060000002,18902946.93000002,35338732.67
49,200602,24074,331995.00000000076,3167.0000000013442,4.2450665205251426e-10,52070.00000000039,90453.99999999987,477686.00000000256,10.000000000000004,1.0000000000000213,7.882583474838611e-15,1.0000000000000149,3.9999999999999982,16.000000000000046,92692080.99999997,51168887.00000011,81389911.99999996,1387.9999999999995,1624.0000000000025,1150.9999999999998,29337156.459999956,21138689.870000035,35740321.34999997
50,200603,24075,708802.9999999971,160019.00000000044,-3.979039320256561e-10,45254.000000000335,44940.99999999994,959017.0000000008,15.999999999999995,7.9999999999999964,-5.065392549852277e-15,2.0000000000000053,3.000000000000008,29.000000000000004,92728670.99999988,53833308.99999997,82789272.99999982,1384.9999999999982,1646.999999999999,1167.9999999999995,29277530.299999956,21652444.919999998,36350443.579999946
51,200604,24076,724761.9999999995,104240.00000000023,3.375930646143388e-10,15356.000000000222,3809.999999999765,848168.0000000008,11.99999999999999,4.999999999999999,4.801714581503802e-15,1.0000000000000029,1.999999999999991,19.999999999999986,96954441.99999979,60185338.99999988,90411111.9999997,1402.9999999999961,1735.9999999999975,1241.9999999999968,29979131.899999943,23299699.119999964,39192526.249999925
52,200605,24077,708868.9999999987,92199.99999999833,-5.7616489357315e-10,-1.4456418284680694e-09,2005.9999999993838,803074.999999994,8.999999999999982,5.999999999999958,-7.147060721024445e-15,-6.328271240363392e-15,0.9999999999999788,15.999999999999904,97375389.99999987,61933866.99999987,93972353.9999998,1414.9999999999977,1807.9999999999982,1278.999999999998,30174752.639999952,24080182.60999996,40329753.03999997
53,200606,24078,248811.99999999808,80720.00000000087,83582.00000000128,8.686882324582257e-10,14829.999999999662,427944.00000000384,12.000000000000007,4.00000000000003,2.0000000000000093,3.605449272470196e-14,6.0000000000000275,24.000000000000114,98138628.99999985,64448565.0,92814516.99999994,1407.9999999999982,1828.9999999999982,1273.9999999999982,30356218.769999944,24608475.479999986,39947834.679999955
54,200607,24079,217005.99999999994,56122.00000000065,67269.00000000012,26762.99999999889,24625.999999999945,391785.9999999985,7.99999999999997,1.9999999999999845,2.9999999999999987,1.0000000000000009,2.000000000000006,15.999999999999975,99184981.9999998,66129450.00000006,96211080.99999991,1425.9999999999977,1850.9999999999984,1296.9999999999982,30773202.039999943,25190787.919999987,41171115.44999995
55,200608,24080,223046.99999999808,173889.99999999738,-2.091837814077735e-10,-1.8026184989139438e-09,21709.999999999392,418646.99999999267,6.9999999999999645,5.999999999999891,-1.0658141036401503e-14,-3.397282455352979e-14,4.999999999999969,17.999999999999787,100368213.9999997,73884114.99999957,97411790.99999955,1462.999999999996,1979.99999999999,1328.9999999999955,31324022.589999907,27438428.84999986,41604602.74999987
56,200609,24081,322367.00000000047,54372.00000000047,19900.000000000684,-3.1582203519064933e-10,69310.00000000003,465949.0000000006,9.999999999999984,3.9999999999999574,0.999999999999996,-8.694434061595757e-15,6.999999999999975,21.999999999999908,98125882.99999975,78946654.99999966,101777733.99999958,1436.9999999999961,2026.9999999999923,1364.999999999996,30828071.459999904,28602174.279999893,42673793.90999986
57,200610,24082,179965.9999999987,11052.000000001493,1.610715116839856e-09,30507.00000000149,23324.00000000053,244849.00000000693,7.000000000000032,3.000000000000056,1.9761969838327786e-14,2.0000000000000355,5.000000000000048,17.000000000000192,100351019.00000007,81685297.00000042,105824323.0000002,1462.0000000000014,2066.0000000000064,1399.0000000000025,31263954.94000002,29314693.920000106,44004040.74000004
58,200611,24083,476985.00000000023,86748.99999999885,-1.0991243470925838e-09,76492.99999999895,25931.999999999647,666158.9999999957,16.99999999999999,6.999999999999931,-8.743006318923108e-15,1.9999999999999796,4.999999999999998,30.999999999999893,101725399.99999991,84950868.99999997,106419737.99999987,1470.9999999999982,2162.999999999999,1410.9999999999986,31814174.53999996,30688760.279999983,44013842.069999956
59,200612,24084,389314.0000000023,138327.99999999788,6094.999999999133,-1.495209289714694e-09,38807.99999999923,572544.9999999932,11.999999999999984,7.999999999999922,0.9999999999999843,-4.8405723873656825e-14,17.999999999999968,38.999999999999815,104863509.99999979,88571604.99999969,108492710.9999997,1480.999999999996,2204.9999999999964,1420.9999999999961,32176621.659999937,31690075.189999927,44312210.49999991
60,200701,24085,398957.9999999988,194693.0000000018,190500.00000000064,436134.00000000093,79190.00000000019,1299475.0000000047,12.000000000000023,11.000000000000062,4.000000000000011,6.000000000000019,14.000000000000036,47.000000000000156,109265857.0000002,94054562.00000045,113498143.00000027,1560.000000000003,2371.000000000012,1455.000000000004,33512550.38000007,33727029.83000015,45196967.41000012
61,200702,24086,560003.0000000009,215344.99999999866,63132.99999999994,24417.000000000844,30247.99999999977,893145.9999999995,12.0,10.999999999999996,1.0000000000000093,1.0000000000000024,2.999999999999991,28.00000000000001,109610943.99999999,99626245.0,112737661.99999991,1591.0000000000005,2608.0000000000005,1469.0000000000002,33770845.70999999,36247419.690000005,44960756.160000026
62,200703,24087,145217.00000000102,67318.00000000041,182093.9999999996,1.5570549294352531e-09,48550.00000000002,443179.00000000396,5.000000000000021,5.999999999999988,4.999999999999998,1.534883331544279e-14,3.0000000000000178,19.000000000000057,108939694.00000003,106524326.0000001,114023743.99999999,1586.0000000000002,2728.0000000000005,1487.0000000000002,33636424.739999995,38248038.10000002,45889374.37000003
63,200704,24088,293016.0000000004,258367.99999999776,26894.00000000061,9.185896487906575e-11,9597.99999999903,587875.9999999967,8.000000000000004,9.999999999999972,2.0000000000000018,4.85722573273506e-15,2.9999999999999827,22.999999999999982,110108569.99999993,111854828.99999996,119336942.99999982,1598.9999999999993,2790.999999999997,1561.999999999999,33876438.20999998,39693399.65999994,47707000.68999998
64,200705,24089,280058.00000000163,293554.9999999989,2.2100721253082156e-10,48503.00000000103,10515.000000000651,632631.0000000022,8.000000000000016,11.99999999999997,1.2823075934420558e-14,2.0000000000000124,7.0000000000000435,29.000000000000064,111495437.00000022,117987680.00000052,125484223.00000033,1629.0000000000036,2889.00000000001,1643.0000000000045,34350387.77000007,41380800.95000014,49814280.46000013
65,200706,24090,149642.99999999997,67189.00000000121,5.093170329928398e-10,62530.000000000226,243021.0000000003,522383.0000000022,7.000000000000001,5.0000000000000275,1.9567680809018384e-15,2.0000000000000013,13.000000000000018,27.000000000000064,113521045.00000006,128538709.00000016,134709699.00000015,1640.0000000000011,3030.000000000004,1768.0000000000016,34821313.35000003,44233995.34000003,52742418.29000004
66,200707,24091,189513.9999999975,13454.999999998272,-2.9973534765304066e-10,16400.999999998185,11464.999999999178,230834.99999999278,7.999999999999954,3.9999999999999245,-7.4870665223159e-15,0.9999999999999656,3.9999999999999565,16.9999999999998,114617131.99999982,134707163.99999982,141614069.99999982,1663.9999999999977,3157.9999999999977,1825.9999999999984,35077932.189999945,46312601.82999993,54794638.99999992
67,200708,24092,257577.00000000055,28659.000000002146,8.892584446584806e-10,3.7914560380158946e-10,56070.99999999964,342307.00000000274,7.999999999999994,3.000000000000038,6.897260540483785e-15,2.634004125923184e-14,3.0000000000000124,14.000000000000071,115367970.00000007,140709338.00000015,148708231.00000012,1695.0000000000014,3331.0000000000055,1911.0000000000016,35246856.40000002,48728507.700000055,57446002.36000004
68,200709,24093,151487.99999999773,20270.00000000019,3.07636582874693e-10,-1.4628085409640335e-09,22152.000000001095,193910.0000000004,6.000000000000007,5.000000000000019,1.51684220739412e-14,-6.813993813636898e-15,2.0000000000000355,13.000000000000075,116115474.99999996,149813587.00000012,157556641.00000015,1703.0,3441.0000000000027,1988.9999999999995,35605971.10000002,50944278.58000003,60350823.68000001
69,200710,24094,151347.00000000015,37040.00000000012,84376.99999999977,1.2205774169160577e-09,99681.99999999978,372446.000000001,4.999999999999986,2.9999999999999782,3.9999999999999853,2.057035097813298e-14,7.0000000000000036,18.999999999999986,115938805.99999975,156776411.99999976,164799942.99999982,1701.9999999999957,3545.9999999999945,2063.999999999995,35570205.589999944,52739699.6299999,62447702.15999985
70,200711,24095,37857.000000000124,111985.99999999777,93928.99999999942,-4.0802206058287993e-10,56900.00000000006,300671.99999999756,2.999999999999986,11.999999999999936,1.9999999999999882,-8.756884106730922e-15,4.999999999999986,21.999999999999893,118773184.99999964,165365439.99999952,169496417.99999943,1733.9999999999945,3638.9999999999905,2096.999999999993,36327107.249999896,54839132.46999983,63186415.37999982
71,200712,24096,4428.999999997623,92614.99999999673,5961.999999999782,18810.00000000032,26243.99999999952,148059.99999999575,0.9999999999999967,6.9999999999998765,0.9999999999999906,0.9999999999999908,4.9999999999999725,14.99999999999983,117813864.99999955,170935591.99999946,176117770.99999937,1721.9999999999932,3721.999999999989,2158.9999999999914,36050592.509999864,56410058.379999824,64810703.58999978
72,200801,24097,163597.99999999662,94516.00000000092,86993.00000000223,9927.000000000966,136143.00000000017,491177.00000000786,3.0000000000000253,2.999999999999992,1.0000000000000133,1.0000000000000124,7.000000000000008,15.000000000000055,126914881.99999979,178291882.99999976,179163149.99999982,1833.9999999999977,3891.9999999999955,2208.999999999996,38161201.619999945,58875737.16999992,65487655.51999991
73,200802,24098,592751.9999999978,44394.000000000975,73829.99999999993,2.3430857254425064e-09,8700.000000000771,719676.0000000066,11.000000000000039,7.000000000000035,2.000000000000011,4.846123502488808e-14,3.0000000000000537,23.000000000000192,129644511.00000016,186402540.00000033,186392599.00000027,1885.000000000002,4184.000000000006,2259.0000000000023,38866139.51000002,62050999.93000008,67128861.26000006
74,200803,24099,874164.9999999976,70231.0000000002,-1.3460521586239338e-10,5.0511061999714e-10,24566.00000000061,968962.0000000031,11.000000000000025,3.0000000000000617,1.7208456881689926e-14,1.27675647831893e-14,4.0000000000000195,18.000000000000128,130586712.00000015,188860164.00000036,190680047.0000003,1901.0000000000027,4227.0000000000055,2300.0000000000027,39191987.88000005,62737733.61000006,68332522.30000009
75,200804,24100,383533.0000000009,68723.00000000033,44837.00000000024,-4.768025974044576e-10,19174.999999999098,516268.0000000002,12.000000000000004,4.999999999999979,1.9999999999999996,-1.487004963607319e-14,5.999999999999965,24.99999999999993,131997821.99999982,191527512.99999973,193416395.9999998,1930.9999999999977,4262.999999999995,2310.9999999999973,39550521.879999965,63445914.4799999,68383903.73999992
76,200805,24101,354514.00000000134,79337.00000000051,153740.99999999919,27357.999999999804,65450.99999999954,681200.9999999983,14.999999999999975,8.999999999999995,1.0000000000000009,0.9999999999999795,5.999999999999969,32.999999999999915,136173076.99999976,200760357.99999955,197192393.9999997,1992.9999999999964,4356.999999999992,2304.9999999999964,40517256.52999997,65630313.04999986,68356645.81999987
77,200806,24102,236113.99999999933,130405.00000000099,1.3533281162381172e-09,1555.9999999987758,53668.999999999476,421743.9999999973,6.999999999999972,7.999999999999993,4.801714581503802e-15,0.9999999999999813,7.999999999999975,23.999999999999925,137412310.99999973,203386170.9999996,203276936.99999964,1989.9999999999952,4389.999999999993,2327.9999999999964,40538413.25999993,66136146.85999987,68953407.65999988
78,200807,24103,487358.9999999972,435404.00000000064,-1.11504050437361e-09,88966.99999999956,308563.9999999998,1320293.9999999963,6.999999999999976,31.000000000000014,-1.2476131239225197e-14,1.9999999999999842,5.999999999999987,45.99999999999996,136312887.00000003,207851440.99999994,212348040.0,1976.9999999999995,4469.0,2411.000000000001,40160996.49,67432826.94999999,71448953.45
79,200808,24104,251007.9999999995,92281.00000000284,-8.012648322619498e-10,-6.912159733474255e-10,160605.00000000035,503894.0,8.999999999999966,5.00000000000005,-1.2136125437933742e-14,-1.3322676295501878e-15,4.000000000000009,18.000000000000018,135987184.99999988,220203007.9999999,214589585.99999985,1985.9999999999986,4558.999999999999,2421.999999999999,39999263.129999965,69688928.49999996,71238483.27999996
80,200809,24105,129213.99999999978,179001.00000000172,1630.0000000006366,-3.510649548843503e-10,76975.99999999958,386821.0000000031,8.000000000000028,7.000000000000024,0.9999999999999989,7.93809462606987e-15,5.000000000000009,21.000000000000057,135655252.0,227301789.99999994,217729222.99999997,1972.9999999999998,4574.000000000003,2419.0000000000005,39795204.22000002,70679324.42,71468830.16000003
81,200810,24106,906224.9999999981,377208.99999999907,5485.00000000031,193520.99999999953,5280.999999999087,1487720.9999999965,18.999999999999975,17.99999999999994,0.9999999999999923,2.9999999999999907,3.9999999999999734,44.99999999999989,137429453.99999967,229693286.99999943,216853874.99999958,1980.9999999999955,4577.999999999991,2400.999999999996,39989658.1799999,71098474.48999985,70506690.44999985
82,200811,24107,1663648.0000000014,539629.9999999973,152573.9999999993,417630.99999999744,6921.999999998246,2780404.9999999893,19.99999999999995,18.999999999999883,4.999999999999978,4.99999999999994,1.9999999999999463,50.9999999999997,135397349.99999976,228013536.99999952,212989350.99999964,1954.9999999999968,4543.99999999999,2355.9999999999977,39288067.14999994,70591064.84999986,69216543.46999988
83,200812,24108,1543456.000000001,1341637.9999999988,83022.99999999926,569921.0,388665.99999999977,3926704.0000000014,32.00000000000002,47.999999999999964,3.000000000000004,19.000000000000007,8.999999999999996,111.00000000000001,132614819.00000007,225534725.99999994,211416854.0000001,1919.0000000000005,4468.000000000002,2330.000000000001,38451579.11000003,69565442.11000001,68324317.51
84,200901,24109,891214.9999999967,1461094.9999999995,217981.0000000004,609462.9999999997,142713.0000000005,3322467.000000002,17.000000000000018,48.99999999999997,6.000000000000002,16.000000000000007,15.00000000000003,103.00000000000003,130384781.00000013,223752111.0000002,208651165.0000003,1882.0000000000018,4393.000000000007,2292.0000000000036,37562418.11000004,68780429.7300001,66932626.52000006
85,200902,24110,704550.9999999988,911678.9999999981,419623.9999999991,654203.9999999993,330449.9999999995,3020507.9999999963,16.99999999999999,39.99999999999993,13.999999999999982,19.99999999999998,11.0,101.99999999999991,129550450.99999996,224611683.99999997,201933679.99999988,1891.9999999999989,4582.999999999998,2239.0,37345364.77999997,69801953.82999997,65320209.759999976
86,200903,24111,911604.9999999988,741462.9999999998,272988.9999999997,376875.99999999854,198408.9999999997,2501341.999999996,22.99999999999995,34.99999999999997,8.999999999999982,17.999999999999968,9.999999999999996,94.99999999999993,127423880.99999994,223127286.99999976,200129471.9999999,1855.9999999999984,4541.999999999995,2209.9999999999995,36622767.55999998,69208027.14999992,64392986.11999996
87,200904,24112,1276614.0,769397.0000000016,298324.0000000007,452949.00000000175,658482.9999999999,3455767.000000005,19.000000000000007,38.00000000000002,14.000000000000007,27.000000000000004,21.999999999999986,120.00000000000006,125187145.99999993,221333165.99999997,195477849.99999982,1821.9999999999977,4462.999999999996,2149.999999999998,35691185.16999999,68412198.29999997,62597267.96999996
88,200905,24113,218087.99999999965,912730.9999999979,710648.9999999981,786695.9999999983,91340.99999999958,2719504.99999999,7.999999999999977,28.999999999999943,11.999999999999975,19.999999999999922,5.9999999999999805,74.99999999999983,122117426.99999979,217893410.99999976,191539218.99999967,1773.9999999999964,4382.999999999993,2095.9999999999955,34832773.949999936,67186518.99999985,61095960.3399999
89,200906,24114,208383.00000000128,707085.9999999986,348514.9999999995,590002.9999999988,362719.99999999965,2216706.9999999953,4.999999999999979,31.99999999999995,5.9999999999999885,18.999999999999936,27.999999999999964,89.99999999999983,121120529.9999996,213911096.99999943,187639969.99999955,1753.999999999995,4290.999999999989,2051.9999999999936,34451490.87999991,65860393.599999785,59869446.10999984
90,200907,24115,419827.9999999991,662694.9999999965,64721.99999999712,458326.99999999703,444310.99999999796,2049882.9999999837,12.999999999999918,31.99999999999985,1.9999999999999694,18.999999999999893,26.999999999999904,92.99999999999952,118683434.99999946,213228032.99999896,182485793.99999923,1714.9999999999927,4238.999999999981,2000.9999999999914,33720165.21999986,65291707.159999706,58413787.25999973
91,200908,24116,1030049.0000000001,527922.9999999973,50293.99999999793,604698.9999999986,469670.99999999907,2682635.9999999925,16.99999999999997,33.999999999999915,1.9999999999999656,22.999999999999954,21.99999999999992,97.9999999999997,116718565.99999975,214935554.99999934,177968126.99999958,1688.999999999996,4209.999999999988,1955.9999999999955,33079097.66999992,65314097.61999982,57187990.31999983
92,200909,24117,1423540.000000001,455396.9999999977,95740.99999999869,334287.9999999978,401801.9999999994,2710767.999999992,12.999999999999977,24.99999999999989,4.999999999999978,13.999999999999941,22.99999999999994,79.99999999999972,115609693.99999982,216644607.99999946,177391795.99999973,1659.9999999999966,4166.999999999989,1944.9999999999964,32628804.919999927,65150005.28999985,56761883.31999987
93,200910,24118,1422135.0000000002,417980.999999996,258209.99999999904,288613.9999999974,460464.99999999884,2847404.9999999907,22.99999999999994,23.999999999999883,6.999999999999989,10.999999999999918,23.99999999999995,88.99999999999963,112950912.99999976,214776171.99999946,171572070.9999998,1619.999999999996,4105.99999999999,1882.999999999996,31904775.689999916,64408669.70999987,55282359.50999987
94,200911,24119,764538.9999999986,548193.9999999964,440429.99999999936,453520.9999999976,535022.9999999994,2741706.9999999898,17.99999999999994,23.99999999999987,6.999999999999995,13.999999999999943,45.99999999999998,108.9999999999997,109776292.99999987,214808948.99999982,171497014.99999997,1571.9999999999982,4068.999999999996,1860.9999999999986,30893076.14999995,64019439.959999934,54496938.209999934
95,200912,24120,757919.999999999,1456883.9999999972,68005.99999999796,619003.9999999973,222558.0000000003,3124371.999999988,12.999999999999945,39.99999999999993,2.999999999999987,18.999999999999954,18.999999999999957,93.99999999999977,107585556.99999982,213992734.99999964,170125437.99999985,1527.999999999998,4003.9999999999936,1832.9999999999973,30133632.319999944,63318868.2599999,53528325.86999989
96,201001,24121,633945.9999999972,1161001.999999996,89569.99999999946,544205.9999999978,605055.9999999995,3033779.99999999,7.9999999999999645,47.99999999999986,0.9999999999999857,21.99999999999995,32.99999999999994,111.99999999999976,106421834.99999964,211705745.99999934,170959560.99999946,1513.999999999995,3922.9999999999873,1827.9999999999939,29743880.639999904,62328437.2999998,53393095.749999836
97,201002,24122,865629.0000000008,668910.9999999952,361047.9999999986,287725.99999999686,204881.9999999982,2388195.9999999837,13.999999999999913,32.999999999999844,4.9999999999999805,12.999999999999936,8.999999999999874,73.99999999999956,108983196.99999943,210486172.99999893,169512559.99999923,1567.9999999999916,4062.999999999978,1813.9999999999905,30375233.779999834,62951937.72999964,52640883.059999734
98,201003,24123,1275775.9999999998,460518.99999999756,1142719.9999999981,493146.99999999756,208520.9999999993,3580682.9999999907,19.999999999999954,21.999999999999908,8.999999999999986,11.99999999999994,17.99999999999996,80.99999999999974,106528986.99999979,209813914.99999952,170357899.99999964,1532.9999999999961,4052.999999999989,1818.9999999999952,29612818.019999925,62874824.33999985,52516755.29999988
99,201004,24124,870584.000000001,685830.9999999971,477669.9999999986,384814.99999999907,302047.9999999985,2720947.99999999,18.99999999999995,45.99999999999989,14.999999999999982,14.999999999999948,16.999999999999922,111.99999999999972,102686726.99999952,209209729.99999914,168663341.99999928,1482.9999999999927,4021.999999999982,1800.9999999999916,28549115.309999853,62562199.0499997,51752728.989999756
100,201005,24125,152201.00000000055,384849.9999999966,243348.9999999974,627270.9999999979,410772.99999999837,1818443.9999999874,7.999999999999929,25.999999999999847,3.9999999999999725,12.99999999999994,24.999999999999936,75.99999999999966,100990681.99999948,211177853.99999905,167284612.99999928,1461.9999999999927,4013.999999999982,1780.9999999999916,28162191.09999986,62753381.20999968,50786527.459999755
101,201006,24126,99730.99999999974,695608.9999999985,168369.99999999758,268544.9999999988,342416.99999999895,1574671.999999993,2.999999999999975,37.99999999999994,5.99999999999998,10.999999999999948,16.999999999999957,74.99999999999979,100588347.99999973,211315986.99999952,168931599.99999967,1453.999999999996,3981.999999999991,1781.999999999996,27968398.87999992,62451705.219999835,50627216.059999876
102,201007,24127,151917.00000000207,881787.9999999962,622909.9999999974,418322.9999999984,663468.9999999983,2738406.9999999884,1.999999999999945,23.999999999999872,6.999999999999984,12.99999999999995,26.999999999999936,72.99999999999967,99631034.99999961,214705476.99999923,169985850.99999946,1447.9999999999939,4019.999999999985,1790.9999999999936,27801852.749999877,63032154.00999975,50461673.74999979
103,201008,24128,137900.00000000026,593671.9999999953,492275.9999999971,167086.9999999968,402921.9999999984,1793856.9999999842,3.999999999999945,24.999999999999844,5.999999999999957,6.999999999999924,11.999999999999918,53.999999999999616,97696705.99999967,215235126.99999928,160416473.99999958,1412.999999999996,3938.9999999999864,1678.9999999999945,27051289.579999905,62401504.859999776,47881873.16999984
104,201009,24129,29990.000000003263,931858.9999999951,364974.9999999965,34467.99999999754,285572.9999999989,1646864.999999987,0.9999999999999833,31.999999999999876,3.9999999999999636,1.9999999999999347,11.999999999999925,50.99999999999968,96401243.9999998,215763269.99999964,159003959.9999998,1378.9999999999977,3902.9999999999927,1654.9999999999975,26584448.259999953,62273069.879999876,47162883.58999991
105,201010,24130,177942.00000000352,1116503.999999996,6763.999999999782,419966.999999997,214988.99999999942,1936165.999999989,1.9999999999999445,22.999999999999897,0.9999999999999705,10.999999999999924,20.999999999999922,57.99999999999966,94363254.99999975,217055971.99999937,158147870.99999967,1348.9999999999961,3893.999999999991,1620.9999999999964,25933055.279999923,62809386.31999982,46408511.37999987
106,201011,24131,298586.0000000008,430348.9999999957,249855.99999999726,520673.99999999517,798587.999999998,2298052.99999998,7.999999999999927,26.999999999999883,7.9999999999999565,11.999999999999911,28.999999999999908,83.99999999999962,92820230.9999998,215561681.99999946,155550521.9999997,1323.999999999997,3862.9999999999923,1583.9999999999968,25499160.809999928,62306510.249999866,45380194.959999904
107,201012,24132,491740.00000000105,686828.9999999958,616738.9999999983,283517.9999999964,482844.9999999999,2561670.999999989,3.9999999999999813,21.999999999999893,11.99999999999998,5.999999999999937,41.99999999999996,85.99999999999972,92163715.99999996,214315331.99999982,154170836.9999999,1305.9999999999995,3832.9999999999964,1566.9999999999993,25208906.409999974,62056225.31999993,44870443.17999998
108,201101,24133,392883.0000000015,1571783.999999997,233359.99999999983,713888.999999999,348667.9999999998,3260583.9999999944,3.999999999999994,36.99999999999994,3.0,16.999999999999986,33.999999999999964,94.99999999999987,92516483.9999999,220729660.99999967,151806493.99999985,1316.9999999999986,3884.999999999995,1543.9999999999986,25259405.249999963,63410314.93999992,44297296.82999994
109,201102,24134,2.35741026699543e-09,947454.9999999946,234382.9999999983,1083685.9999999963,222611.9999999988,2488135.9999999846,-4.263256414560601e-14,32.99999999999986,5.999999999999972,11.999999999999932,12.99999999999994,63.99999999999968,92637145.99999982,218667961.99999937,146597364.99999967,1326.9999999999973,3942.9999999999905,1499.9999999999968,25320382.629999958,63761898.189999856,43223709.739999905
110,201103,24135,868789.0000000008,859028.9999999948,226430.99999999796,1514257.9999999944,362353.9999999981,3830860.9999999804,7.99999999999995,41.999999999999844,6.999999999999979,24.999999999999876,24.99999999999989,106.99999999999957,91179639.99999975,217645199.99999937,147941636.99999964,1305.9999999999966,3921.999999999988,1505.9999999999964,24959065.46999994,63463843.149999835,43884841.59999986
111,201104,24136,1851499.000000002,695754.9999999943,513660.99999999796,700157.9999999965,267370.9999999992,4028443.999999986,23.99999999999997,30.999999999999847,9.99999999999998,16.999999999999922,19.999999999999943,101.99999999999973,88349759.99999991,213284203.0,143966858.0,1257.9999999999995,3841.999999999998,1450.9999999999993,24057572.380000006,62294204.519999966,43188760.20999997
112,201105,24137,2089591.0000000042,1248696.9999999953,977689.9999999973,1106355.999999998,181653.999999999,5603987.999999983,24.999999999999936,39.99999999999986,13.999999999999968,20.999999999999954,24.99999999999994,124.99999999999972,86015678.99999991,211318333.9999997,139172748.99999988,1238.9999999999986,3821.9999999999945,1424.9999999999984,23523918.179999996,61972092.34999989,42572214.029999964
113,201106,24138,1355832.0000000026,1217030.999999998,316497.99999999895,1291642.9999999981,257904.99999999962,4438908.999999992,15.99999999999999,29.99999999999995,2.999999999999988,23.99999999999998,22.99999999999997,95.99999999999987,83760201.00000001,207996673.99999982,136968624.99999994,1212.0,3734.9999999999964,1404.0,22958900.74,60801326.65999996,42477543.020000026
114,201107,24139,629592.0000000058,1041399.9999999981,382379.99999999866,464120.99999999796,374691.99999999953,2892184.999999994,18.999999999999986,36.99999999999992,5.999999999999984,10.999999999999954,20.999999999999954,93.9999999999998,81818888.0000001,206837290.00000003,137121098.00000003,1182.0000000000014,3674.0,1399.000000000001,22373709.740000032,60527059.940000005,43516715.20000005
115,201108,24140,622932.0000000017,1319257.0,217239.00000000125,520126.0000000004,345549.0000000007,3025103.000000001,8.0,28.000000000000014,3.0000000000000218,12.000000000000016,34.00000000000001,85.00000000000004,80334405.00000015,201496833.0000003,134087190.00000025,1157.0000000000027,3580.0000000000055,1370.0000000000023,21929464.780000065,59012600.550000064,43364612.32000007
116,201109,24141,2214566.0000000047,1308562.9999999981,663895.999999998,356073.999999998,197096.99999999965,4740195.999999995,16.00000000000002,40.99999999999993,8.999999999999993,12.999999999999972,25.99999999999997,104.99999999999986,79364187.99999994,199421383.99999994,130867607.99999997,1146.999999999999,3502.999999999999,1341.9999999999986,21806132.660000004,58133674.11999996,43008140.66999997
117,201110,24142,582277.0000000019,735529.9999999969,606969.9999999995,396219.99999999785,73194.99999999837,2394191.9999999935,15.000000000000009,25.999999999999932,8.999999999999998,10.99999999999995,17.999999999999964,78.99999999999984,76123966.99999991,191418304.9999998,125135147.99999982,1108.9999999999986,3386.9999999999945,1283.9999999999984,20989535.89999998,56182090.38999992,41661384.01999996
118,201111,24143,1.877197064459324e-09,875378.9999999965,188598.9999999979,641146.9999999992,211630.9999999999,1916755.9999999935,-2.220446049250313e-14,35.99999999999995,2.9999999999999787,13.999999999999977,29.99999999999996,82.99999999999987,75337367.99999991,187945170.99999964,120629170.99999985,1088.9999999999989,3331.9999999999945,1246.9999999999984,20820015.389999982,55457559.49999991,40559987.96999995
119,201112,24144,4.4683474698103964e-09,2139579.999999997,777977.999999999,815125.9999999984,247464.99999999907,3980148.999999992,-1.7208456881689926e-14,42.99999999999993,6.999999999999983,19.999999999999968,26.999999999999936,96.99999999999977,72836724.99999993,182793936.9999996,116137065.99999984,1055.999999999999,3230.999999999995,1188.9999999999986,20080148.019999973,53993991.9199999,39510677.65999994
120,201201,24145,459800.0000000027,1303364.9999999967,825454.999999999,1156090.9999999974,256909.99999999898,4001620.999999988,6.999999999999958,38.9999999999999,7.999999999999983,28.999999999999964,19.999999999999925,102.99999999999969,71967760.99999973,179019009.9999994,111471754.99999958,1030.9999999999961,3074.999999999991,1151.9999999999964,19782120.359999914,52223355.239999846,38302131.41999986
121,201202,24146,985196.0000000029,2525594.999999995,768575.9999999967,937482.9999999993,179486.99999999913,5396336.999999988,20.999999999999975,52.99999999999992,7.999999999999982,16.999999999999993,19.999999999999925,118.99999999999976,72213385.99999985,170394524.99999958,105584176.99999972,1040.999999999998,3019.999999999994,1086.999999999998,19692218.979999967,50330659.68999989,36642444.309999935
122,201203,24147,775932.000000002,2372039.0000000023,1685274.000000001,1490403.000000001,392959.0000000007,6716607.000000002,13.999999999999991,71.00000000000003,15.000000000000009,36.000000000000014,32.0,168.0,70664923.00000001,167371519.99999994,102980615.99999997,1012.0000000000003,2966.0,1064.0,19196714.390000015,49386910.68999998,36567132.080000006
123,201204,24148,1672224.0000000019,1372988.9999999977,553110.999999999,1355941.0,565683.9999999994,5519948.999999994,21.99999999999997,35.99999999999994,6.999999999999988,27.999999999999993,29.999999999999975,122.9999999999999,68009685.99999996,161060632.99999988,97498882.99999994,974.9999999999993,2875.9999999999995,1030.9999999999993,18654338.789999984,47828367.22999997,35327607.60999999
124,201205,24149,2848042.0000000023,836877.9999999974,1066397.9999999981,1181325.9999999993,251742.99999999892,6184386.99999999,36.99999999999997,33.999999999999915,15.99999999999999,18.99999999999999,35.99999999999994,141.9999999999998,65814630.999999925,155307672.9999997,93226282.99999985,938.9999999999993,2811.999999999996,1000.9999999999987,17992837.489999976,46516834.189999945,34622672.27999997
125,201206,24150,860947.0000000042,913063.9999999991,543626.9999999995,1082920.9999999995,436835.9999999994,3837395.0,14.000000000000025,27.999999999999964,6.999999999999996,26.000000000000007,36.999999999999986,112.0,64865993.00000009,147447354.99999997,85882441.00000006,919.0000000000015,2696.000000000001,952.000000000001,17690044.660000026,44426556.230000004,32971824.810000047
126,201207,24151,1154592.000000006,630431.9999999979,1037255.9999999997,1206757.9999999986,245568.99999999945,4274606.999999997,21.000000000000014,20.999999999999922,10.000000000000002,21.99999999999997,26.999999999999982,100.9999999999999,62759549.00000001,135486763.99999988,81781524.99999993,884.0000000000001,2441.999999999998,907.9999999999998,17072838.140000004,41170849.18999997,31820222.650000006
127,201208,24152,1688109.0000000037,1066189.9999999981,403262.9999999997,548740.9999999965,537778.9999999993,4244081.999999993,24.999999999999986,33.99999999999994,3.9999999999999867,17.999999999999968,26.999999999999975,107.99999999999986,60227296.999999896,133219067.99999973,79806901.99999984,853.9999999999982,2400.9999999999945,898.9999999999984,16559561.33999997,40515039.57999992,31844129.91999997
128,201209,24153,1627302.0000000047,1794217.9999999946,784328.999999998,406300.9999999995,206244.99999999837,4818394.999999992,22.999999999999982,32.999999999999865,7.9999999999999885,12.999999999999982,14.999999999999924,91.99999999999973,60447373.999999836,130744558.99999954,78292637.99999975,858.9999999999976,2349.999999999992,882.9999999999972,16578847.669999953,39887734.339999884,31533067.13999991
129,201210,24154,56461.00000000186,2218822.9999999967,1378188.0000000016,622106.9999999992,421305.99999999854,4696884.999999994,1.999999999999985,52.99999999999988,6.000000000000003,14.999999999999968,17.99999999999996,93.99999999999983,58436536.99999983,126022992.99999954,74949245.99999973,832.9999999999976,2289.999999999992,859.999999999997,16091468.209999956,39191847.43999986,30991375.539999906
130,201211,24155,758435.0000000007,2198848.999999998,857379.9999999981,1205243.9999999998,280199.0000000001,5300106.999999993,9.99999999999998,60.99999999999993,10.999999999999984,24.0,13.999999999999972,119.99999999999989,56981790.999999925,122889371.9999997,72461943.99999985,822.9999999999991,2235.999999999995,833.9999999999984,15884699.51999998,38260673.28999991,30378116.16999995
131,201212,24156,722654.0000000013,1122790.0000000002,311830.9999999981,906594.0,458837.9999999993,3522706.999999995,14.999999999999957,38.99999999999994,5.999999999999982,23.999999999999982,23.999999999999947,107.99999999999982,56043795.99999988,119665570.99999978,69508829.9999998,811.9999999999982,2155.9999999999955,814.999999999998,15623514.869999968,37251717.969999924,29848334.459999945
132,201301,24157,1305362.9999999986,1462074.0000000007,559263.0000000014,1819205.0000000007,279837.9999999996,5425742.999999997,20.99999999999996,40.000000000000014,6.999999999999993,46.0,20.999999999999993,134.99999999999994,56378720.999999896,118601807.9999997,71562917.99999979,819.9999999999978,2127.9999999999936,840.9999999999975,15691634.819999969,36977239.5199999,30958146.169999946
133,201302,24158,1484728.000000004,702061.9999999986,557358.9999999985,1418584.000000001,422067.99999999854,4584800.999999995,17.999999999999993,23.999999999999932,7.999999999999985,33.999999999999986,17.99999999999997,101.99999999999991,55291631.99999994,118496281.99999987,68272475.99999991,818.9999999999992,2208.9999999999977,793.9999999999991,15585056.029999983,38043782.68999996,29934215.64999998
134,201303,24159,1248157.000000001,837120.9999999976,729088.9999999985,1008155.9999999981,228019.99999999852,4050542.99999999,14.999999999999977,30.99999999999995,6.999999999999988,32.99999999999994,15.999999999999945,101.9999999999998,54971982.99999982,118745481.99999951,68521709.99999967,814.9999999999973,2196.999999999992,806.9999999999969,15543952.239999946,37913239.84999986,30360307.18999991
135,201304,24160,832666.9999999998,1224249.9999999977,901555.9999999998,478779.999999997,152373.99999999919,3589626.9999999935,10.999999999999986,33.99999999999991,11.999999999999982,16.999999999999957,17.999999999999954,91.9999999999998,53250191.999999896,116815934.99999967,66277165.99999978,784.9999999999981,2178.9999999999945,790.9999999999981,15169141.079999965,37631660.3399999,30009417.07999993
136,201305,24161,1080306.0000000035,1048249.9999999977,813173.9999999993,451875.9999999986,221462.99999999886,3615068.999999997,15.999999999999993,38.999999999999886,8.999999999999988,11.999999999999964,19.999999999999968,95.99999999999983,53236307.99999991,116256926.9999997,68044251.9999998,797.9999999999989,2186.999999999995,810.9999999999984,15424769.589999977,37688819.97999991,30517286.359999947
137,201306,24162,716763.9999999999,1137303.9999999977,612441.9999999984,241655.99999999916,169360.9999999997,2877526.9999999925,11.999999999999979,28.999999999999968,9.999999999999984,12.999999999999975,16.999999999999986,80.9999999999999,54467634.999999925,119831184.99999985,68308301.99999988,827.9999999999992,2222.9999999999977,809.9999999999991,15900163.559999987,38610946.99999995,30627554.739999972
138,201307,24163,1025136.0000000016,1066999.9999999977,1588873.999999998,477191.99999999977,239882.99999999968,4398084.999999995,21.000000000000007,21.999999999999932,11.999999999999993,14.999999999999991,19.99999999999995,89.99999999999983,54451419.999999925,122109778.99999973,68333240.99999985,835.9999999999991,2263.9999999999955,805.9999999999981,16091716.409999987,39326628.51999992,30704454.869999968
139,201308,24164,608502.0000000012,1056090.0000000012,912644.0000000019,745071.9999999995,167016.00000000032,3489324.0000000037,11.00000000000001,26.000000000000014,8.000000000000014,22.999999999999993,14.99999999999999,83.0,54978927.9999999,123490039.99999982,69398381.99999985,826.9999999999984,2265.9999999999964,809.9999999999983,16041294.64999998,39972341.37999995,30925321.909999967
140,201309,24165,285493.0000000006,546833.9999999998,594328.9999999991,1758155.9999999993,132979.00000000017,3317791.0,9.000000000000005,19.000000000000004,6.999999999999998,36.00000000000001,17.99999999999997,88.99999999999997,57404925.99999997,126750700.99999994,72029098.9999999,858.9999999999997,2273.999999999998,842.9999999999991,16698435.419999996,40646825.45,32472716.429999985
141,201310,24166,524770.9999999992,812826.9999999995,690787.0000000002,1147344.000000002,378740.9999999996,3554470.0000000033,11.000000000000036,29.99999999999997,4.0,22.00000000000002,21.999999999999993,89.0,57799394.99999997,128332082.99999997,70850344.9999999,879.9999999999997,2305.999999999998,835.9999999999989,16935600.029999994,41451545.5,32202287.779999983
142,201311,24167,2302872.9999999986,642472.0000000009,1210802.0000000002,795115.9999999993,100062.99999999985,5051325.999999995,27.99999999999997,24.999999999999993,7.999999999999994,25.999999999999986,17.999999999999986,104.99999999999994,58070836.99999981,135192656.9999997,71945509.9999997,902.9999999999973,2369.999999999993,852.9999999999968,17218047.179999948,43025258.919999905,32572439.199999906
143,201312,24168,413784.0000000009,1255667.999999998,191424.00000000058,928875.0000000008,235418.9999999994,3025169.999999999,7.9999999999999964,30.999999999999947,5.000000000000011,24.999999999999993,19.999999999999986,88.99999999999994,59161866.999999836,137324381.99999982,75034130.99999976,934.9999999999978,2404.9999999999945,889.9999999999973,17773196.009999957,43634405.639999926,33577109.40999992
144,201401,24169,841247.9999999971,825267.9999999983,319039.00000000006,863406.9999999991,159143.99999999924,3008105.999999994,16.999999999999982,24.99999999999996,5.999999999999991,24.99999999999996,21.99999999999997,94.99999999999989,61822989.99999991,150635527.9999998,83807459.99999985,999.9999999999986,2516.9999999999955,935.9999999999985,18951764.729999978,46449632.82999994,35381275.25999996
145,201402,24170,1091416.0000000005,1518880.9999999974,502137.0000000001,962966.9999999997,115791.99999999971,4191192.999999996,16.99999999999997,32.99999999999989,4.9999999999999964,11.99999999999999,12.999999999999995,79.99999999999987,63820179.99999979,155312911.9999997,88206173.9999997,1041.9999999999966,2584.9999999999927,954.9999999999966,19592185.849999942,47761153.03999992,35962404.1199999
146,201403,24171,297526.9999999999,567858.0000000005,766136.0000000021,520953.99999999907,203130.00000000006,2355605.000000002,10.00000000000001,24.000000000000007,5.000000000000006,13.999999999999966,18.0,71.0,63272276.999999866,160080965.99999982,89791981.99999985,1066.9999999999982,2644.999999999996,957.9999999999977,20041163.749999963,48864262.17999994,36294295.71999995
147,201404,24172,404582.00000000047,1047698.9999999971,1121865.9999999967,693533.9999999998,141518.99999999936,3409199.999999993,6.9999999999999805,30.99999999999993,10.999999999999972,20.99999999999998,13.999999999999952,83.9999999999998,61849366.99999977,157640130.99999964,90166683.9999997,1042.9999999999968,2648.9999999999936,954.9999999999964,19694813.83999993,48605883.69999988,35858190.95999989
148,201405,24173,678658.0000000027,1498945.9999999993,535980.9999999998,980634.0000000013,451883.9999999997,4146103.000000001,17.999999999999986,39.99999999999995,5.999999999999993,25.00000000000003,16.000000000000007,104.99999999999997,62564348.99999985,159853637.9999998,88439645.99999984,1048.9999999999982,2675.9999999999964,930.9999999999975,20129137.789999954,49096329.699999936,34910741.72999993
149,201406,24174,290635.00000000105,763776.0000000028,2686.0000000018044,945386.9999999998,98666.00000000022,2101150.000000002,11.999999999999973,31.000000000000057,1.0000000000000075,23.999999999999993,13.00000000000001,81.00000000000006,63916220.00000003,159006424.00000003,88009064.0,1066.0000000000002,2668.000000000002,929.9999999999998,20524679.880000003,49091433.80000001,34863992.88
150,201407,24175,307239.0000000017,683001.9999999981,1362441.9999999995,517490.00000000134,152494.99999999997,3022667.999999999,12.999999999999979,26.999999999999954,15.999999999999998,14.000000000000014,18.999999999999986,88.99999999999996,65255687.99999988,159155819.9999998,86593013.99999982,1075.9999999999984,2650.9999999999973,915.999999999998,20889569.639999963,48993018.75999993,34089854.94999994
151,201408,24176,564827.9999999976,302138.0000000001,565642.9999999998,1017067.9999999991,480677.9999999994,2930354.9999999963,15.999999999999963,15.999999999999986,11.999999999999986,18.999999999999957,19.999999999999968,82.99999999999986,63799953.999999866,159805909.99999958,87073875.99999976,1059.9999999999977,2642.9999999999936,913.9999999999974,20580308.649999954,49007126.409999885,34234580.179999925
152,201409,24177,451434.99999999965,313776.9999999994,492116.9999999999,327110.00000000035,67329.99999999965,1672251.0000000005,12.999999999999982,14.999999999999964,7.999999999999997,6.9999999999999964,11.999999999999975,55.999999999999915,63973021.99999988,159707148.99999964,87294248.99999979,1056.999999999998,2633.999999999994,914.9999999999977,20652447.989999946,48851306.7899999,34285693.029999934
153,201410,24178,521004.9999999992,371305.99999999907,1066694.9999999977,393974.99999999977,80232.99999999959,2433213.999999997,18.99999999999998,15.999999999999968,12.999999999999986,8.999999999999977,9.999999999999972,66.99999999999986,64045013.99999984,160203576.99999964,85664275.99999976,1044.999999999998,2608.999999999994,889.9999999999975,20788575.89999995,48726706.93999989,33509919.48999992
154,201411,24179,1027589.9999999999,557851.9999999986,531782.9999999994,668770.9999999981,631028.9999999991,3417024.999999994,17.99999999999998,22.999999999999968,9.99999999999999,13.999999999999961,16.999999999999993,81.99999999999989,61701249.99999986,157781520.99999973,85826250.9999998,1015.9999999999977,2559.999999999995,892.9999999999978,20207255.99999995,47837503.189999916,33676122.93999993
155,201412,24180,460600.0000000019,458263.9999999992,70242.99999999999,259938.9999999998,122604.99999999943,1371650.9999999993,19.99999999999998,20.999999999999957,1.0000000000000027,9.999999999999979,12.99999999999998,64.99999999999989,60567453.99999988,152020822.9999997,82478499.99999982,997.9999999999981,2476.9999999999945,865.9999999999983,19870496.78999996,46215793.549999915,32710741.529999938
